-----------
Início do teste: Dom, 25-Set-2011 18:16:35
-----------
0.0 1.0 2.0 3.0 1.0  Erro: 0.4778574394107427
0.0 1.0 2.0 3.0 0.0  Erro: 0.42368920290293605
0.0 1.0 2.0 3.0 0.0  Erro: 0.42368920290293605
0.0 1.0 2.0 3.0 1.0  Erro: 0.4778574394107427
0.0 1.0 2.0 3.0 1.0  Erro: 0.4778574394107427
0.0 1.0 2.0 3.0 1.0  Erro: 0.4778574394107427
0.0 1.0 2.0 3.0 1.0  Erro: 0.4778574394107427
0.0 1.0 2.0 3.0 1.0  Erro: 0.4778574394107427
0.0 1.0 2.0 3.0 1.0  Erro: 0.4778574394107427
0.0 1.0 2.0 3.0 0.0  Erro: 0.42368920290293605
0.0 1.0 2.0 3.0 0.0  Erro: 0.42368920290293605
0.0 1.0 2.0 3.0 1.0  Erro: 0.4778574394107427
0.0 1.0 2.0 3.0 0.0  Erro: 0.42368920290293605
0.0 1.0 2.0 3.0 0.0  Erro: 0.42368920290293605
0.0 1.0 2.0 3.0 1.0  Erro: 0.4778574394107427
0.0 1.0 2.0 3.0 1.0  Erro: 0.4778574394107427
0.0 1.0 2.0 3.0 0.0  Erro: 0.42368920290293605
0.0 1.0 2.0 3.0 1.0  Erro: 0.4778574394107427
0.0 1.0 2.0 3.0 0.0  Erro: 0.42368920290293605
0.0 1.0 2.0 3.0 1.0  Erro: 0.4778574394107427
0.0 1.0 2.0 3.0 0.0  Erro: 0.42368920290293605
0.0 1.0 2.0 3.0 0.0  Erro: 0.42368920290293605
0.0 1.0 2.0 3.0 1.0  Erro: 0.4778574394107427
0.0 1.0 2.0 3.0 0.0  Erro: 0.42368920290293605
0.0 1.0 2.0 3.0 1.0  Erro: 0.4778574394107427
0.0 1.0 2.0 3.0 0.0  Erro: 0.42368920290293605
0.0 1.0 2.0 3.0 0.0  Erro: 0.42368920290293605
0.0 1.0 2.0 3.0 1.0  Erro: 0.4778574394107427
0.0 1.0 2.0 3.0 0.0  Erro: 0.42368920290293605
0.0 1.0 2.0 3.0 1.0  Erro: 0.4778574394107427
0.0 1.0 2.0 3.0 1.0  Erro: 0.4778574394107427
0.0 1.0 2.0 3.0 0.0  Erro: 0.42368920290293605
0.0 1.0 2.0 3.0 0.0  Erro: 0.42368920290293605
0.0 1.0 2.0 3.0 1.0  Erro: 0.4778574394107427
0.0 1.0 2.0 3.0 0.0  Erro: 0.42368920290293605
0.0 1.0 2.0 3.0 0.0  Erro: 0.42368920290293605
0.0 1.0 2.0 3.0 1.0  Erro: 0.4778574394107427
0.0 1.0 2.0 3.0 1.0  Erro: 0.4778574394107427
0.0 1.0 2.0 3.0 1.0  Erro: 0.4778574394107427
0.0 1.0 2.0 3.0 1.0  Erro: 0.4778574394107427
0.0 1.0 2.0 3.0 1.0  Erro: 0.4778574394107427
0.0 1.0 2.0 3.0 1.0  Erro: 0.4778574394107427
0.0 1.0 2.0 3.0 1.0  Erro: 0.4778574394107427
0.0 1.0 2.0 3.0 0.0  Erro: 0.42368920290293605
0.0 1.0 2.0 3.0 0.0  Erro: 0.42368920290293605
0.0 1.0 2.0 3.0 1.0  Erro: 0.4778574394107427
0.0 1.0 2.0 3.0 1.0  Erro: 0.4778574394107427
0.0 1.0 2.0 3.0 1.0  Erro: 0.4778574394107427
0.0 1.0 2.0 3.0 1.0  Erro: 0.4778574394107427
0.0 1.0 2.0 3.0 0.0  Erro: 0.42368920290293605
0.0 1.0 2.0 3.0 1.0  Erro: 0.4778574394107427
0.0 1.0 2.0 3.0 0.0  Erro: 0.42368920290293605
0.0 1.0 2.0 3.0 1.0  Erro: 0.4778574394107427
0.0 1.0 2.0 3.0 0.0  Erro: 0.42368920290293605
0.0 1.0 2.0 3.0 0.0  Erro: 0.42368920290293605
0.0 1.0 2.0 3.0 0.0  Erro: 0.42368920290293605
0.0 1.0 2.0 3.0 1.0  Erro: 0.4778574394107427
0.0 1.0 2.0 3.0 0.0  Erro: 0.42368920290293605
0.0 1.0 2.0 3.0 1.0  Erro: 0.4778574394107427
0.0 1.0 2.0 3.0 1.0  Erro: 0.4778574394107427
0.0 1.0 2.0 3.0 0.0  Erro: 0.42368920290293605
0.0 1.0 2.0 3.0 0.0  Erro: 0.42368920290293605
0.0 1.0 2.0 3.0 0.0  Erro: 0.42368920290293605
0.0 1.0 2.0 3.0 0.0  Erro: 0.42368920290293605
0.0 1.0 2.0 3.0 1.0  Erro: 0.4778574394107427
0.0 1.0 2.0 3.0 1.0  Erro: 0.4778574394107427
0.0 1.0 2.0 3.0 0.0  Erro: 0.42368920290293605
0.0 1.0 2.0 3.0 1.0  Erro: 0.4778574394107427
0.0 1.0 2.0 3.0 0.0  Erro: 0.42368920290293605
0.0 1.0 2.0 3.0 0.0  Erro: 0.42368920290293605
0.0 1.0 2.0 3.0 1.0  Erro: 0.4778574394107427
0.0 1.0 2.0 3.0 0.0  Erro: 0.42368920290293605
0.0 1.0 2.0 3.0 0.0  Erro: 0.42368920290293605
0.0 1.0 2.0 3.0 0.0  Erro: 0.42368920290293605
0.0 1.0 2.0 3.0 0.0  Erro: 0.42368920290293605
0.0 1.0 2.0 3.0 0.0  Erro: 0.42368920290293605
0.0 1.0 2.0 3.0 1.0  Erro: 0.4778574394107427
0.0 1.0 2.0 3.0 1.0  Erro: 0.4778574394107427
0.0 1.0 2.0 3.0 1.0  Erro: 0.4778574394107427
0.0 1.0 2.0 3.0 0.0  Erro: 0.42368920290293605
0.0 1.0 2.0 3.0 1.0  Erro: 0.4778574394107427
0.0 1.0 2.0 3.0 1.0  Erro: 0.4778574394107427
0.0 1.0 2.0 3.0 0.0  Erro: 0.42368920290293605
0.0 1.0 2.0 3.0 0.0  Erro: 0.42368920290293605
0.0 1.0 2.0 3.0 0.0  Erro: 0.42368920290293605
0.0 1.0 2.0 3.0 1.0  Erro: 0.4778574394107427
0.0 1.0 2.0 3.0 1.0  Erro: 0.4778574394107427
0.0 1.0 2.0 3.0 0.0  Erro: 0.42368920290293605
0.0 1.0 2.0 3.0 1.0  Erro: 0.4778574394107427
0.0 1.0 2.0 3.0 0.0  Erro: 0.42368920290293605
0.0 1.0 2.0 3.0 0.0  Erro: 0.42368920290293605
0.0 1.0 2.0 3.0 0.0  Erro: 0.42368920290293605
0.0 1.0 2.0 3.0 1.0  Erro: 0.4778574394107427
0.0 1.0 2.0 3.0 0.0  Erro: 0.42368920290293605
0.0 1.0 2.0 3.0 0.0  Erro: 0.42368920290293605
0.0 1.0 2.0 3.0 1.0  Erro: 0.4778574394107427
0.0 1.0 2.0 3.0 1.0  Erro: 0.4778574394107427
0.0 1.0 2.0 3.0 0.0  Erro: 0.42368920290293605
0.0 1.0 2.0 3.0 1.0  Erro: 0.4778574394107427
0.0 1.0 2.0 3.0 1.0  Erro: 0.4778574394107427
0.0 1.0 2.0 3.0 0.0  Erro: 0.42368920290293605
0.0 1.0 2.0 3.0 0.0  Erro: 0.42368920290293605
0.0 1.0 2.0 3.0 1.0  Erro: 0.4778574394107427
0.0 1.0 2.0 3.0 0.0  Erro: 0.42368920290293605
0.0 1.0 2.0 3.0 0.0  Erro: 0.42368920290293605
0.0 1.0 2.0 3.0 1.0  Erro: 0.4778574394107427
0.0 1.0 2.0 3.0 0.0  Erro: 0.42368920290293605
0.0 1.0 2.0 3.0 1.0  Erro: 0.4778574394107427
0.0 1.0 2.0 3.0 0.0  Erro: 0.42368920290293605
0.0 1.0 2.0 3.0 0.0  Erro: 0.42368920290293605
0.0 1.0 2.0 3.0 1.0  Erro: 0.4778574394107427
0.0 1.0 2.0 3.0 1.0  Erro: 0.4778574394107427
0.0 1.0 2.0 3.0 1.0  Erro: 0.4778574394107427
0.0 1.0 2.0 3.0 1.0  Erro: 0.4778574394107427
0.0 1.0 2.0 3.0 1.0  Erro: 0.4778574394107427
0.0 1.0 2.0 3.0 1.0  Erro: 0.4778574394107427
0.0 1.0 2.0 3.0 0.0  Erro: 0.42368920290293605
0.0 1.0 2.0 3.0 0.0  Erro: 0.42368920290293605
0.0 1.0 2.0 3.0 0.0  Erro: 0.42368920290293605
0.0 1.0 2.0 3.0 1.0  Erro: 0.4778574394107427
0.0 1.0 2.0 3.0 0.0  Erro: 0.42368920290293605
0.0 1.0 2.0 3.0 1.0  Erro: 0.4778574394107427
0.0 1.0 2.0 3.0 0.0  Erro: 0.42368920290293605
0.0 1.0 2.0 3.0 1.0  Erro: 0.4778574394107427
0.0 1.0 2.0 3.0 0.0  Erro: 0.42368920290293605
0.0 1.0 2.0 3.0 0.0  Erro: 0.42368920290293605
0.0 1.0 2.0 3.0 1.0  Erro: 0.4778574394107427
0.0 1.0 2.0 3.0 1.0  Erro: 0.4778574394107427
0.0 1.0 2.0 3.0 0.0  Erro: 0.42368920290293605
0.0 1.0 2.0 3.0 0.0  Erro: 0.42368920290293605
0.0 1.0 2.0 3.0 0.0  Erro: 0.42368920290293605
0.0 1.0 2.0 3.0 1.0  Erro: 0.4778574394107427
0.0 1.0 2.0 3.0 0.0  Erro: 0.42368920290293605
0.0 1.0 2.0 3.0 0.0  Erro: 0.42368920290293605
0.0 1.0 2.0 3.0 0.0  Erro: 0.42368920290293605
0.0 1.0 2.0 3.0 1.0  Erro: 0.4778574394107427
0.0 1.0 2.0 3.0 0.0  Erro: 0.42368920290293605
0.0 1.0 2.0 3.0 0.0  Erro: 0.42368920290293605
0.0 1.0 2.0 3.0 1.0  Erro: 0.4778574394107427
0.0 1.0 2.0 3.0 1.0  Erro: 0.4778574394107427
0.0 1.0 2.0 3.0 1.0  Erro: 0.4778574394107427
0.0 1.0 2.0 3.0 0.0  Erro: 0.42368920290293605
0.0 1.0 2.0 3.0 0.0  Erro: 0.42368920290293605
0.0 1.0 2.0 3.0 0.0  Erro: 0.42368920290293605
0.0 1.0 2.0 3.0 1.0  Erro: 0.4778574394107427
0.0 1.0 2.0 3.0 0.0  Erro: 0.42368920290293605
0.0 1.0 2.0 3.0 1.0  Erro: 0.4778574394107427
0.0 1.0 2.0 3.0 0.0  Erro: 0.42368920290293605
0.0 1.0 2.0 3.0 1.0  Erro: 0.4778574394107427
0.0 1.0 2.0 3.0 0.0  Erro: 0.42368920290293605
0.0 1.0 2.0 3.0 1.0  Erro: 0.4778574394107427
0.0 0.0 3.0 6.0 0.0  Erro: 1.0
0.0 0.0 3.0 6.0 0.0  Erro: 1.0
0.0 0.0 3.0 6.0 0.0  Erro: 1.0
0.0 0.0 3.0 6.0 1.0  Erro: 1.0
0.0 0.0 3.0 6.0 1.0  Erro: 1.0
0.0 0.0 3.0 6.0 1.0  Erro: 1.0
0.0 0.0 3.0 6.0 1.0  Erro: 1.0
0.0 0.0 3.0 6.0 1.0  Erro: 1.0
0.0 0.0 3.0 6.0 0.0  Erro: 1.0
0.0 0.0 3.0 6.0 0.0  Erro: 1.0
0.0 0.0 3.0 6.0 1.0  Erro: 1.0
0.0 0.0 3.0 6.0 1.0  Erro: 1.0
0.0 0.0 3.0 6.0 1.0  Erro: 1.0
0.0 0.0 3.0 6.0 0.0  Erro: 1.0
0.0 0.0 3.0 6.0 1.0  Erro: 1.0
0.0 0.0 3.0 6.0 1.0  Erro: 1.0
0.0 0.0 3.0 6.0 0.0  Erro: 1.0
0.0 0.0 3.0 6.0 1.0  Erro: 1.0
0.0 0.0 2.0 1.0 1.0  Erro: 0.03559207172765202
1.0 0.0 2.0 1.0 0.0  Erro: 0.09933912632981323
0.0 0.0 2.0 1.0 1.0  Erro: 0.03559207172765202
0.0 0.0 2.0 1.0 0.0  Erro: 0.040536362199412264
1.0 0.0 2.0 1.0 0.0  Erro: 0.09933912632981323
1.0 0.0 2.0 1.0 0.0  Erro: 0.09933912632981323
1.0 0.0 2.0 1.0 1.0  Erro: 0.08794116507321222
1.0 0.0 2.0 1.0 1.0  Erro: 0.08794116507321222
0.0 0.0 2.0 1.0 1.0  Erro: 0.03559207172765202
1.0 0.0 2.0 1.0 0.0  Erro: 0.09933912632981323
1.0 0.0 2.0 1.0 0.0  Erro: 0.09933912632981323
1.0 0.0 2.0 1.0 1.0  Erro: 0.08794116507321222
1.0 0.0 2.0 1.0 1.0  Erro: 0.08794116507321222
1.0 0.0 2.0 1.0 0.0  Erro: 0.09933912632981323
1.0 0.0 2.0 1.0 0.0  Erro: 0.09933912632981323
0.0 0.0 2.0 1.0 0.0  Erro: 0.040536362199412264
1.0 0.0 2.0 1.0 1.0  Erro: 0.08794116507321222
0.0 0.0 2.0 1.0 1.0  Erro: 0.03559207172765202
2.0 2.0 3.0 4.0 1.0  Erro: 0.046056463633767454
2.0 2.0 3.0 4.0 0.0  Erro: 0.04792376059124787
2.0 2.0 3.0 4.0 0.0  Erro: 0.04792376059124787
2.0 2.0 3.0 4.0 0.0  Erro: 0.04792376059124787
2.0 2.0 3.0 4.0 0.0  Erro: 0.04792376059124787
2.0 2.0 3.0 4.0 0.0  Erro: 0.04792376059124787
2.0 2.0 3.0 4.0 0.0  Erro: 0.04792376059124787
2.0 2.0 3.0 4.0 1.0  Erro: 0.046056463633767454
2.0 2.0 3.0 4.0 0.0  Erro: 0.04792376059124787
2.0 2.0 3.0 4.0 0.0  Erro: 0.04792376059124787
2.0 2.0 3.0 4.0 0.0  Erro: 0.04792376059124787
2.0 2.0 3.0 4.0 1.0  Erro: 0.046056463633767454
2.0 2.0 3.0 4.0 0.0  Erro: 0.04792376059124787
2.0 2.0 3.0 4.0 0.0  Erro: 0.04792376059124787
2.0 2.0 3.0 4.0 0.0  Erro: 0.04792376059124787
2.0 2.0 3.0 4.0 0.0  Erro: 0.04792376059124787
2.0 2.0 3.0 4.0 0.0  Erro: 0.04792376059124787
2.0 2.0 3.0 4.0 0.0  Erro: 0.04792376059124787
0.430249100783781
-----------
Início do teste: Dom, 25-Set-2011 18:19:27
-----------
0.0 1.0 2.0 3.0 1.0  Encontrado: 1.0055763511788378 Esperado: 1.0 Erro: 0.005545427925289465
0.0 1.0 2.0 3.0 0.0  Encontrado: 1.0905969900656987 Esperado: 1.0 Erro: 0.08307100688059024
0.0 1.0 2.0 3.0 0.0  Encontrado: 1.0905969900656987 Esperado: 1.0 Erro: 0.08307100688059024
0.0 1.0 2.0 3.0 1.0  Encontrado: 1.0055763511788378 Esperado: 1.0 Erro: 0.005545427925289465
0.0 1.0 2.0 3.0 0.0  Encontrado: 1.0905969900656987 Esperado: 1.0 Erro: 0.08307100688059024
0.0 1.0 2.0 3.0 0.0  Encontrado: 1.0905969900656987 Esperado: 1.0 Erro: 0.08307100688059024
0.0 1.0 2.0 3.0 1.0  Encontrado: 1.0055763511788378 Esperado: 1.0 Erro: 0.005545427925289465
0.0 1.0 2.0 3.0 0.0  Encontrado: 1.0905969900656987 Esperado: 1.0 Erro: 0.08307100688059024
0.0 1.0 2.0 3.0 1.0  Encontrado: 1.0055763511788378 Esperado: 1.0 Erro: 0.005545427925289465
0.0 1.0 2.0 3.0 0.0  Encontrado: 1.0905969900656987 Esperado: 1.0 Erro: 0.08307100688059024
0.0 1.0 2.0 3.0 0.0  Encontrado: 1.0905969900656987 Esperado: 1.0 Erro: 0.08307100688059024
0.0 1.0 2.0 3.0 0.0  Encontrado: 1.0905969900656987 Esperado: 1.0 Erro: 0.08307100688059024
0.0 1.0 2.0 3.0 0.0  Encontrado: 1.0905969900656987 Esperado: 1.0 Erro: 0.08307100688059024
0.0 1.0 2.0 3.0 1.0  Encontrado: 1.0055763511788378 Esperado: 1.0 Erro: 0.005545427925289465
0.0 1.0 2.0 3.0 1.0  Encontrado: 1.0055763511788378 Esperado: 1.0 Erro: 0.005545427925289465
0.0 1.0 2.0 3.0 0.0  Encontrado: 1.0905969900656987 Esperado: 1.0 Erro: 0.08307100688059024
0.0 1.0 2.0 3.0 1.0  Encontrado: 1.0055763511788378 Esperado: 1.0 Erro: 0.005545427925289465
0.0 1.0 2.0 3.0 1.0  Encontrado: 1.0055763511788378 Esperado: 1.0 Erro: 0.005545427925289465
0.0 1.0 2.0 3.0 0.0  Encontrado: 1.0905969900656987 Esperado: 1.0 Erro: 0.08307100688059024
0.0 1.0 2.0 3.0 1.0  Encontrado: 1.0055763511788378 Esperado: 1.0 Erro: 0.005545427925289465
0.0 1.0 2.0 3.0 0.0  Encontrado: 1.0905969900656987 Esperado: 1.0 Erro: 0.08307100688059024
0.0 1.0 2.0 3.0 1.0  Encontrado: 1.0055763511788378 Esperado: 1.0 Erro: 0.005545427925289465
0.0 1.0 2.0 3.0 0.0  Encontrado: 1.0905969900656987 Esperado: 1.0 Erro: 0.08307100688059024
0.0 1.0 2.0 3.0 1.0  Encontrado: 1.0055763511788378 Esperado: 1.0 Erro: 0.005545427925289465
0.0 1.0 2.0 3.0 0.0  Encontrado: 1.0905969900656987 Esperado: 1.0 Erro: 0.08307100688059024
0.0 1.0 2.0 3.0 0.0  Encontrado: 1.0905969900656987 Esperado: 1.0 Erro: 0.08307100688059024
0.0 1.0 2.0 3.0 0.0  Encontrado: 1.0905969900656987 Esperado: 1.0 Erro: 0.08307100688059024
0.0 1.0 2.0 3.0 1.0  Encontrado: 1.0055763511788378 Esperado: 1.0 Erro: 0.005545427925289465
0.0 1.0 2.0 3.0 1.0  Encontrado: 1.0055763511788378 Esperado: 1.0 Erro: 0.005545427925289465
0.0 1.0 2.0 3.0 1.0  Encontrado: 1.0055763511788378 Esperado: 1.0 Erro: 0.005545427925289465
0.0 1.0 2.0 3.0 0.0  Encontrado: 1.0905969900656987 Esperado: 1.0 Erro: 0.08307100688059024
0.0 1.0 2.0 3.0 1.0  Encontrado: 1.0055763511788378 Esperado: 1.0 Erro: 0.005545427925289465
0.0 1.0 2.0 3.0 1.0  Encontrado: 1.0055763511788378 Esperado: 1.0 Erro: 0.005545427925289465
0.0 1.0 2.0 3.0 0.0  Encontrado: 1.0905969900656987 Esperado: 1.0 Erro: 0.08307100688059024
0.0 1.0 2.0 3.0 0.0  Encontrado: 1.0905969900656987 Esperado: 1.0 Erro: 0.08307100688059024
0.0 1.0 2.0 3.0 0.0  Encontrado: 1.0905969900656987 Esperado: 1.0 Erro: 0.08307100688059024
0.0 1.0 2.0 3.0 1.0  Encontrado: 1.0055763511788378 Esperado: 1.0 Erro: 0.005545427925289465
0.0 1.0 2.0 3.0 0.0  Encontrado: 1.0905969900656987 Esperado: 1.0 Erro: 0.08307100688059024
0.0 1.0 2.0 3.0 1.0  Encontrado: 1.0055763511788378 Esperado: 1.0 Erro: 0.005545427925289465
0.0 1.0 2.0 3.0 1.0  Encontrado: 1.0055763511788378 Esperado: 1.0 Erro: 0.005545427925289465
0.0 1.0 2.0 3.0 0.0  Encontrado: 1.0905969900656987 Esperado: 1.0 Erro: 0.08307100688059024
0.0 1.0 2.0 3.0 0.0  Encontrado: 1.0905969900656987 Esperado: 1.0 Erro: 0.08307100688059024
0.0 1.0 2.0 3.0 1.0  Encontrado: 1.0055763511788378 Esperado: 1.0 Erro: 0.005545427925289465
0.0 1.0 2.0 3.0 1.0  Encontrado: 1.0055763511788378 Esperado: 1.0 Erro: 0.005545427925289465
0.0 1.0 2.0 3.0 0.0  Encontrado: 1.0905969900656987 Esperado: 1.0 Erro: 0.08307100688059024
0.0 1.0 2.0 3.0 0.0  Encontrado: 1.0905969900656987 Esperado: 1.0 Erro: 0.08307100688059024
0.0 1.0 2.0 3.0 0.0  Encontrado: 1.0905969900656987 Esperado: 1.0 Erro: 0.08307100688059024
0.0 1.0 2.0 3.0 0.0  Encontrado: 1.0905969900656987 Esperado: 1.0 Erro: 0.08307100688059024
0.0 1.0 2.0 3.0 1.0  Encontrado: 1.0055763511788378 Esperado: 1.0 Erro: 0.005545427925289465
0.0 1.0 2.0 3.0 1.0  Encontrado: 1.0055763511788378 Esperado: 1.0 Erro: 0.005545427925289465
0.0 1.0 2.0 3.0 0.0  Encontrado: 1.0905969900656987 Esperado: 1.0 Erro: 0.08307100688059024
0.0 1.0 2.0 3.0 1.0  Encontrado: 1.0055763511788378 Esperado: 1.0 Erro: 0.005545427925289465
0.0 1.0 2.0 3.0 1.0  Encontrado: 1.0055763511788378 Esperado: 1.0 Erro: 0.005545427925289465
0.0 1.0 2.0 3.0 0.0  Encontrado: 1.0905969900656987 Esperado: 1.0 Erro: 0.08307100688059024
0.0 1.0 2.0 3.0 1.0  Encontrado: 1.0055763511788378 Esperado: 1.0 Erro: 0.005545427925289465
0.0 1.0 2.0 3.0 0.0  Encontrado: 1.0905969900656987 Esperado: 1.0 Erro: 0.08307100688059024
0.0 1.0 2.0 3.0 0.0  Encontrado: 1.0905969900656987 Esperado: 1.0 Erro: 0.08307100688059024
0.0 1.0 2.0 3.0 1.0  Encontrado: 1.0055763511788378 Esperado: 1.0 Erro: 0.005545427925289465
0.0 1.0 2.0 3.0 0.0  Encontrado: 1.0905969900656987 Esperado: 1.0 Erro: 0.08307100688059024
0.0 1.0 2.0 3.0 1.0  Encontrado: 1.0055763511788378 Esperado: 1.0 Erro: 0.005545427925289465
0.0 1.0 2.0 3.0 1.0  Encontrado: 1.0055763511788378 Esperado: 1.0 Erro: 0.005545427925289465
0.0 1.0 2.0 3.0 1.0  Encontrado: 1.0055763511788378 Esperado: 1.0 Erro: 0.005545427925289465
0.0 1.0 2.0 3.0 1.0  Encontrado: 1.0055763511788378 Esperado: 1.0 Erro: 0.005545427925289465
0.0 1.0 2.0 3.0 1.0  Encontrado: 1.0055763511788378 Esperado: 1.0 Erro: 0.005545427925289465
0.0 1.0 2.0 3.0 0.0  Encontrado: 1.0905969900656987 Esperado: 1.0 Erro: 0.08307100688059024
0.0 1.0 2.0 3.0 1.0  Encontrado: 1.0055763511788378 Esperado: 1.0 Erro: 0.005545427925289465
0.0 1.0 2.0 3.0 1.0  Encontrado: 1.0055763511788378 Esperado: 1.0 Erro: 0.005545427925289465
0.0 1.0 2.0 3.0 1.0  Encontrado: 1.0055763511788378 Esperado: 1.0 Erro: 0.005545427925289465
0.0 1.0 2.0 3.0 1.0  Encontrado: 1.0055763511788378 Esperado: 1.0 Erro: 0.005545427925289465
0.0 1.0 2.0 3.0 1.0  Encontrado: 1.0055763511788378 Esperado: 1.0 Erro: 0.005545427925289465
0.0 1.0 2.0 3.0 1.0  Encontrado: 1.0055763511788378 Esperado: 1.0 Erro: 0.005545427925289465
0.0 1.0 2.0 3.0 1.0  Encontrado: 1.0055763511788378 Esperado: 1.0 Erro: 0.005545427925289465
0.0 1.0 2.0 3.0 0.0  Encontrado: 1.0905969900656987 Esperado: 1.0 Erro: 0.08307100688059024
0.0 1.0 2.0 3.0 0.0  Encontrado: 1.0905969900656987 Esperado: 1.0 Erro: 0.08307100688059024
0.0 1.0 2.0 3.0 1.0  Encontrado: 1.0055763511788378 Esperado: 1.0 Erro: 0.005545427925289465
0.0 1.0 2.0 3.0 1.0  Encontrado: 1.0055763511788378 Esperado: 1.0 Erro: 0.005545427925289465
0.0 1.0 2.0 3.0 0.0  Encontrado: 1.0905969900656987 Esperado: 1.0 Erro: 0.08307100688059024
0.0 1.0 2.0 3.0 0.0  Encontrado: 1.0905969900656987 Esperado: 1.0 Erro: 0.08307100688059024
0.0 1.0 2.0 3.0 0.0  Encontrado: 1.0905969900656987 Esperado: 1.0 Erro: 0.08307100688059024
0.0 1.0 2.0 3.0 0.0  Encontrado: 1.0905969900656987 Esperado: 1.0 Erro: 0.08307100688059024
0.0 1.0 2.0 3.0 1.0  Encontrado: 1.0055763511788378 Esperado: 1.0 Erro: 0.005545427925289465
0.0 1.0 2.0 3.0 0.0  Encontrado: 1.0905969900656987 Esperado: 1.0 Erro: 0.08307100688059024
0.0 1.0 2.0 3.0 0.0  Encontrado: 1.0905969900656987 Esperado: 1.0 Erro: 0.08307100688059024
0.0 1.0 2.0 3.0 0.0  Encontrado: 1.0905969900656987 Esperado: 1.0 Erro: 0.08307100688059024
0.0 1.0 2.0 3.0 1.0  Encontrado: 1.0055763511788378 Esperado: 1.0 Erro: 0.005545427925289465
0.0 1.0 2.0 3.0 1.0  Encontrado: 1.0055763511788378 Esperado: 1.0 Erro: 0.005545427925289465
0.0 1.0 2.0 3.0 0.0  Encontrado: 1.0905969900656987 Esperado: 1.0 Erro: 0.08307100688059024
0.0 1.0 2.0 3.0 1.0  Encontrado: 1.0055763511788378 Esperado: 1.0 Erro: 0.005545427925289465
0.0 1.0 2.0 3.0 0.0  Encontrado: 1.0905969900656987 Esperado: 1.0 Erro: 0.08307100688059024
0.0 1.0 2.0 3.0 0.0  Encontrado: 1.0905969900656987 Esperado: 1.0 Erro: 0.08307100688059024
0.0 1.0 2.0 3.0 1.0  Encontrado: 1.0055763511788378 Esperado: 1.0 Erro: 0.005545427925289465
0.0 1.0 2.0 3.0 1.0  Encontrado: 1.0055763511788378 Esperado: 1.0 Erro: 0.005545427925289465
0.0 1.0 2.0 3.0 1.0  Encontrado: 1.0055763511788378 Esperado: 1.0 Erro: 0.005545427925289465
0.0 1.0 2.0 3.0 1.0  Encontrado: 1.0055763511788378 Esperado: 1.0 Erro: 0.005545427925289465
0.0 1.0 2.0 3.0 1.0  Encontrado: 1.0055763511788378 Esperado: 1.0 Erro: 0.005545427925289465
0.0 1.0 2.0 3.0 0.0  Encontrado: 1.0905969900656987 Esperado: 1.0 Erro: 0.08307100688059024
0.0 1.0 2.0 3.0 0.0  Encontrado: 1.0905969900656987 Esperado: 1.0 Erro: 0.08307100688059024
0.0 1.0 2.0 3.0 0.0  Encontrado: 1.0905969900656987 Esperado: 1.0 Erro: 0.08307100688059024
0.0 1.0 2.0 3.0 0.0  Encontrado: 1.0905969900656987 Esperado: 1.0 Erro: 0.08307100688059024
0.0 1.0 2.0 3.0 1.0  Encontrado: 1.0055763511788378 Esperado: 1.0 Erro: 0.005545427925289465
0.0 1.0 2.0 3.0 0.0  Encontrado: 1.0905969900656987 Esperado: 1.0 Erro: 0.08307100688059024
0.0 1.0 2.0 3.0 0.0  Encontrado: 1.0905969900656987 Esperado: 1.0 Erro: 0.08307100688059024
0.0 1.0 2.0 3.0 0.0  Encontrado: 1.0905969900656987 Esperado: 1.0 Erro: 0.08307100688059024
0.0 1.0 2.0 3.0 0.0  Encontrado: 1.0905969900656987 Esperado: 1.0 Erro: 0.08307100688059024
0.0 1.0 2.0 3.0 0.0  Encontrado: 1.0905969900656987 Esperado: 1.0 Erro: 0.08307100688059024
0.0 1.0 2.0 3.0 1.0  Encontrado: 1.0055763511788378 Esperado: 1.0 Erro: 0.005545427925289465
0.0 1.0 2.0 3.0 0.0  Encontrado: 1.0905969900656987 Esperado: 1.0 Erro: 0.08307100688059024
0.0 1.0 2.0 3.0 1.0  Encontrado: 1.0055763511788378 Esperado: 1.0 Erro: 0.005545427925289465
0.0 1.0 2.0 3.0 0.0  Encontrado: 1.0905969900656987 Esperado: 1.0 Erro: 0.08307100688059024
0.0 1.0 2.0 3.0 1.0  Encontrado: 1.0055763511788378 Esperado: 1.0 Erro: 0.005545427925289465
0.0 1.0 2.0 3.0 1.0  Encontrado: 1.0055763511788378 Esperado: 1.0 Erro: 0.005545427925289465
0.0 1.0 2.0 3.0 1.0  Encontrado: 1.0055763511788378 Esperado: 1.0 Erro: 0.005545427925289465
0.0 1.0 2.0 3.0 1.0  Encontrado: 1.0055763511788378 Esperado: 1.0 Erro: 0.005545427925289465
0.0 1.0 2.0 3.0 1.0  Encontrado: 1.0055763511788378 Esperado: 1.0 Erro: 0.005545427925289465
0.0 1.0 2.0 3.0 0.0  Encontrado: 1.0905969900656987 Esperado: 1.0 Erro: 0.08307100688059024
0.0 1.0 2.0 3.0 0.0  Encontrado: 1.0905969900656987 Esperado: 1.0 Erro: 0.08307100688059024
0.0 1.0 2.0 3.0 0.0  Encontrado: 1.0905969900656987 Esperado: 1.0 Erro: 0.08307100688059024
0.0 1.0 2.0 3.0 0.0  Encontrado: 1.0905969900656987 Esperado: 1.0 Erro: 0.08307100688059024
0.0 1.0 2.0 3.0 1.0  Encontrado: 1.0055763511788378 Esperado: 1.0 Erro: 0.005545427925289465
0.0 1.0 2.0 3.0 1.0  Encontrado: 1.0055763511788378 Esperado: 1.0 Erro: 0.005545427925289465
0.0 1.0 2.0 3.0 1.0  Encontrado: 1.0055763511788378 Esperado: 1.0 Erro: 0.005545427925289465
0.0 1.0 2.0 3.0 0.0  Encontrado: 1.0905969900656987 Esperado: 1.0 Erro: 0.08307100688059024
0.0 1.0 2.0 3.0 0.0  Encontrado: 1.0905969900656987 Esperado: 1.0 Erro: 0.08307100688059024
0.0 1.0 2.0 3.0 0.0  Encontrado: 1.0905969900656987 Esperado: 1.0 Erro: 0.08307100688059024
0.0 1.0 2.0 3.0 1.0  Encontrado: 1.0055763511788378 Esperado: 1.0 Erro: 0.005545427925289465
0.0 1.0 2.0 3.0 0.0  Encontrado: 1.0905969900656987 Esperado: 1.0 Erro: 0.08307100688059024
0.0 1.0 2.0 3.0 0.0  Encontrado: 1.0905969900656987 Esperado: 1.0 Erro: 0.08307100688059024
0.0 1.0 2.0 3.0 1.0  Encontrado: 1.0055763511788378 Esperado: 1.0 Erro: 0.005545427925289465
0.0 1.0 2.0 3.0 1.0  Encontrado: 1.0055763511788378 Esperado: 1.0 Erro: 0.005545427925289465
0.0 1.0 2.0 3.0 1.0  Encontrado: 1.0055763511788378 Esperado: 1.0 Erro: 0.005545427925289465
0.0 1.0 2.0 3.0 1.0  Encontrado: 1.0055763511788378 Esperado: 1.0 Erro: 0.005545427925289465
0.0 1.0 2.0 3.0 0.0  Encontrado: 1.0905969900656987 Esperado: 1.0 Erro: 0.08307100688059024
0.0 1.0 2.0 3.0 1.0  Encontrado: 1.0055763511788378 Esperado: 1.0 Erro: 0.005545427925289465
0.0 1.0 2.0 3.0 1.0  Encontrado: 1.0055763511788378 Esperado: 1.0 Erro: 0.005545427925289465
0.0 1.0 2.0 3.0 0.0  Encontrado: 1.0905969900656987 Esperado: 1.0 Erro: 0.08307100688059024
0.0 1.0 2.0 3.0 0.0  Encontrado: 1.0905969900656987 Esperado: 1.0 Erro: 0.08307100688059024
0.0 1.0 2.0 3.0 0.0  Encontrado: 1.0905969900656987 Esperado: 1.0 Erro: 0.08307100688059024
0.0 1.0 2.0 3.0 1.0  Encontrado: 1.0055763511788378 Esperado: 1.0 Erro: 0.005545427925289465
0.0 1.0 2.0 3.0 0.0  Encontrado: 1.0905969900656987 Esperado: 1.0 Erro: 0.08307100688059024
0.0 1.0 2.0 3.0 1.0  Encontrado: 1.0055763511788378 Esperado: 1.0 Erro: 0.005545427925289465
0.0 1.0 2.0 3.0 1.0  Encontrado: 1.0055763511788378 Esperado: 1.0 Erro: 0.005545427925289465
0.0 1.0 2.0 3.0 1.0  Encontrado: 1.0055763511788378 Esperado: 1.0 Erro: 0.005545427925289465
0.0 1.0 2.0 3.0 1.0  Encontrado: 1.0055763511788378 Esperado: 1.0 Erro: 0.005545427925289465
0.0 1.0 2.0 3.0 1.0  Encontrado: 1.0055763511788378 Esperado: 1.0 Erro: 0.005545427925289465
0.0 1.0 2.0 3.0 0.0  Encontrado: 1.0905969900656987 Esperado: 1.0 Erro: 0.08307100688059024
0.0 1.0 2.0 3.0 1.0  Encontrado: 1.0055763511788378 Esperado: 1.0 Erro: 0.005545427925289465
0.0 1.0 2.0 3.0 1.0  Encontrado: 1.0055763511788378 Esperado: 1.0 Erro: 0.005545427925289465
0.0 1.0 2.0 3.0 0.0  Encontrado: 1.0905969900656987 Esperado: 1.0 Erro: 0.08307100688059024
0.0 1.0 2.0 3.0 1.0  Encontrado: 1.0055763511788378 Esperado: 1.0 Erro: 0.005545427925289465
0.0 1.0 2.0 3.0 0.0  Encontrado: 1.0905969900656987 Esperado: 1.0 Erro: 0.08307100688059024
0.0 1.0 2.0 3.0 1.0  Encontrado: 1.0055763511788378 Esperado: 1.0 Erro: 0.005545427925289465
0.0 0.0 3.0 6.0 0.0  Encontrado: 0.2582538960694435 Esperado: 0.0 Erro: 1.0
0.0 0.0 3.0 6.0 0.0  Encontrado: 0.2582538960694435 Esperado: 0.0 Erro: 1.0
0.0 0.0 3.0 6.0 1.0  Encontrado: 0.23899823979667223 Esperado: 0.0 Erro: 1.0
0.0 0.0 3.0 6.0 1.0  Encontrado: 0.23899823979667223 Esperado: 0.0 Erro: 1.0
0.0 0.0 3.0 6.0 1.0  Encontrado: 0.23899823979667223 Esperado: 0.0 Erro: 1.0
0.0 0.0 3.0 6.0 0.0  Encontrado: 0.2582538960694435 Esperado: 0.0 Erro: 1.0
0.0 0.0 3.0 6.0 1.0  Encontrado: 0.23899823979667223 Esperado: 0.0 Erro: 1.0
0.0 0.0 3.0 6.0 1.0  Encontrado: 0.23899823979667223 Esperado: 0.0 Erro: 1.0
0.0 0.0 3.0 6.0 0.0  Encontrado: 0.2582538960694435 Esperado: 0.0 Erro: 1.0
0.0 0.0 3.0 6.0 1.0  Encontrado: 0.23899823979667223 Esperado: 0.0 Erro: 1.0
0.0 0.0 3.0 6.0 0.0  Encontrado: 0.2582538960694435 Esperado: 0.0 Erro: 1.0
0.0 0.0 3.0 6.0 0.0  Encontrado: 0.2582538960694435 Esperado: 0.0 Erro: 1.0
0.0 0.0 3.0 6.0 0.0  Encontrado: 0.2582538960694435 Esperado: 0.0 Erro: 1.0
0.0 0.0 3.0 6.0 0.0  Encontrado: 0.2582538960694435 Esperado: 0.0 Erro: 1.0
0.0 0.0 3.0 6.0 0.0  Encontrado: 0.2582538960694435 Esperado: 0.0 Erro: 1.0
0.0 0.0 3.0 6.0 1.0  Encontrado: 0.23899823979667223 Esperado: 0.0 Erro: 1.0
0.0 0.0 3.0 6.0 1.0  Encontrado: 0.23899823979667223 Esperado: 0.0 Erro: 1.0
0.0 0.0 3.0 6.0 1.0  Encontrado: 0.23899823979667223 Esperado: 0.0 Erro: 1.0
0.0 0.0 2.0 1.0 1.0  Encontrado: 2.0203288958197496 Esperado: 2.0 Erro: 0.010062171491885312
1.0 0.0 2.0 1.0 0.0  Encontrado: 2.2666596341944834 Esperado: 2.0 Erro: 0.11764432126098535
1.0 0.0 2.0 1.0 1.0  Encontrado: 2.244309227476116 Esperado: 2.0 Erro: 0.10885720402747665
1.0 0.0 2.0 1.0 1.0  Encontrado: 2.244309227476116 Esperado: 2.0 Erro: 0.10885720402747665
0.0 0.0 2.0 1.0 0.0  Encontrado: 2.024209474570233 Esperado: 2.0 Erro: 0.011959965050244029
1.0 0.0 2.0 1.0 1.0  Encontrado: 2.244309227476116 Esperado: 2.0 Erro: 0.10885720402747665
0.0 0.0 2.0 1.0 1.0  Encontrado: 2.0203288958197496 Esperado: 2.0 Erro: 0.010062171491885312
0.0 0.0 2.0 1.0 0.0  Encontrado: 2.024209474570233 Esperado: 2.0 Erro: 0.011959965050244029
0.0 0.0 2.0 1.0 1.0  Encontrado: 2.0203288958197496 Esperado: 2.0 Erro: 0.010062171491885312
0.0 0.0 2.0 1.0 0.0  Encontrado: 2.024209474570233 Esperado: 2.0 Erro: 0.011959965050244029
0.0 0.0 2.0 1.0 0.0  Encontrado: 2.024209474570233 Esperado: 2.0 Erro: 0.011959965050244029
1.0 0.0 2.0 1.0 1.0  Encontrado: 2.244309227476116 Esperado: 2.0 Erro: 0.10885720402747665
1.0 0.0 2.0 1.0 0.0  Encontrado: 2.2666596341944834 Esperado: 2.0 Erro: 0.11764432126098535
1.0 0.0 2.0 1.0 1.0  Encontrado: 2.244309227476116 Esperado: 2.0 Erro: 0.10885720402747665
0.0 0.0 2.0 1.0 1.0  Encontrado: 2.0203288958197496 Esperado: 2.0 Erro: 0.010062171491885312
0.0 0.0 2.0 1.0 0.0  Encontrado: 2.024209474570233 Esperado: 2.0 Erro: 0.011959965050244029
0.0 0.0 2.0 1.0 0.0  Encontrado: 2.024209474570233 Esperado: 2.0 Erro: 0.011959965050244029
1.0 0.0 2.0 1.0 0.0  Encontrado: 2.2666596341944834 Esperado: 2.0 Erro: 0.11764432126098535
2.0 2.0 3.0 4.0 0.0  Encontrado: 2.8260912773111424 Esperado: 3.0 Erro: 0.06153683856040255
2.0 2.0 3.0 4.0 0.0  Encontrado: 2.8260912773111424 Esperado: 3.0 Erro: 0.06153683856040255
2.0 2.0 3.0 4.0 1.0  Encontrado: 2.818999047115522 Esperado: 3.0 Erro: 0.06420752538731193
2.0 2.0 3.0 4.0 1.0  Encontrado: 2.818999047115522 Esperado: 3.0 Erro: 0.06420752538731193
2.0 2.0 3.0 4.0 0.0  Encontrado: 2.8260912773111424 Esperado: 3.0 Erro: 0.06153683856040255
2.0 2.0 3.0 4.0 1.0  Encontrado: 2.818999047115522 Esperado: 3.0 Erro: 0.06420752538731193
2.0 2.0 3.0 4.0 0.0  Encontrado: 2.8260912773111424 Esperado: 3.0 Erro: 0.06153683856040255
2.0 2.0 3.0 4.0 0.0  Encontrado: 2.8260912773111424 Esperado: 3.0 Erro: 0.06153683856040255
2.0 2.0 3.0 4.0 1.0  Encontrado: 2.818999047115522 Esperado: 3.0 Erro: 0.06420752538731193
2.0 2.0 3.0 4.0 1.0  Encontrado: 2.818999047115522 Esperado: 3.0 Erro: 0.06420752538731193
2.0 2.0 3.0 4.0 0.0  Encontrado: 2.8260912773111424 Esperado: 3.0 Erro: 0.06153683856040255
2.0 2.0 3.0 4.0 1.0  Encontrado: 2.818999047115522 Esperado: 3.0 Erro: 0.06420752538731193
2.0 2.0 3.0 4.0 0.0  Encontrado: 2.8260912773111424 Esperado: 3.0 Erro: 0.06153683856040255
2.0 2.0 3.0 4.0 1.0  Encontrado: 2.818999047115522 Esperado: 3.0 Erro: 0.06420752538731193
2.0 2.0 3.0 4.0 1.0  Encontrado: 2.818999047115522 Esperado: 3.0 Erro: 0.06420752538731193
2.0 2.0 3.0 4.0 0.0  Encontrado: 2.8260912773111424 Esperado: 3.0 Erro: 0.06153683856040255
2.0 2.0 3.0 4.0 1.0  Encontrado: 2.818999047115522 Esperado: 3.0 Erro: 0.06420752538731193
2.0 2.0 3.0 4.0 0.0  Encontrado: 2.8260912773111424 Esperado: 3.0 Erro: 0.06153683856040255
0.12993977373743637
-----------
Início do teste: Dom, 25-Set-2011 18:22:12
-----------
0.0 1.0 2.0 3.0 0.0  Encontrado: 1.0914301281874679 Esperado: 1.0 Erro: 0.08377094037096575
0.0 1.0 2.0 3.0 1.0  Encontrado: 0.9954475286856913 Esperado: 1.0 Erro: 0.004573291090811596
0.0 1.0 2.0 3.0 1.0  Encontrado: 0.9954475286856913 Esperado: 1.0 Erro: 0.004573291090811596
0.0 1.0 2.0 3.0 0.0  Encontrado: 1.0914301281874679 Esperado: 1.0 Erro: 0.08377094037096575
0.0 1.0 2.0 3.0 0.0  Encontrado: 1.0914301281874679 Esperado: 1.0 Erro: 0.08377094037096575
0.0 1.0 2.0 3.0 0.0  Encontrado: 1.0914301281874679 Esperado: 1.0 Erro: 0.08377094037096575
0.0 1.0 2.0 3.0 1.0  Encontrado: 0.9954475286856913 Esperado: 1.0 Erro: 0.004573291090811596
0.0 1.0 2.0 3.0 1.0  Encontrado: 0.9954475286856913 Esperado: 1.0 Erro: 0.004573291090811596
0.0 1.0 2.0 3.0 1.0  Encontrado: 0.9954475286856913 Esperado: 1.0 Erro: 0.004573291090811596
0.0 1.0 2.0 3.0 1.0  Encontrado: 0.9954475286856913 Esperado: 1.0 Erro: 0.004573291090811596
0.0 1.0 2.0 3.0 0.0  Encontrado: 1.0914301281874679 Esperado: 1.0 Erro: 0.08377094037096575
0.0 1.0 2.0 3.0 1.0  Encontrado: 0.9954475286856913 Esperado: 1.0 Erro: 0.004573291090811596
0.0 1.0 2.0 3.0 1.0  Encontrado: 0.9954475286856913 Esperado: 1.0 Erro: 0.004573291090811596
0.0 1.0 2.0 3.0 0.0  Encontrado: 1.0914301281874679 Esperado: 1.0 Erro: 0.08377094037096575
0.0 1.0 2.0 3.0 0.0  Encontrado: 1.0914301281874679 Esperado: 1.0 Erro: 0.08377094037096575
0.0 1.0 2.0 3.0 1.0  Encontrado: 0.9954475286856913 Esperado: 1.0 Erro: 0.004573291090811596
0.0 1.0 2.0 3.0 0.0  Encontrado: 1.0914301281874679 Esperado: 1.0 Erro: 0.08377094037096575
0.0 1.0 2.0 3.0 0.0  Encontrado: 1.0914301281874679 Esperado: 1.0 Erro: 0.08377094037096575
0.0 1.0 2.0 3.0 0.0  Encontrado: 1.0914301281874679 Esperado: 1.0 Erro: 0.08377094037096575
0.0 1.0 2.0 3.0 1.0  Encontrado: 0.9954475286856913 Esperado: 1.0 Erro: 0.004573291090811596
0.0 1.0 2.0 3.0 1.0  Encontrado: 0.9954475286856913 Esperado: 1.0 Erro: 0.004573291090811596
0.0 1.0 2.0 3.0 0.0  Encontrado: 1.0914301281874679 Esperado: 1.0 Erro: 0.08377094037096575
0.0 1.0 2.0 3.0 0.0  Encontrado: 1.0914301281874679 Esperado: 1.0 Erro: 0.08377094037096575
0.0 1.0 2.0 3.0 0.0  Encontrado: 1.0914301281874679 Esperado: 1.0 Erro: 0.08377094037096575
0.0 1.0 2.0 3.0 1.0  Encontrado: 0.9954475286856913 Esperado: 1.0 Erro: 0.004573291090811596
0.0 1.0 2.0 3.0 0.0  Encontrado: 1.0914301281874679 Esperado: 1.0 Erro: 0.08377094037096575
0.0 1.0 2.0 3.0 0.0  Encontrado: 1.0914301281874679 Esperado: 1.0 Erro: 0.08377094037096575
0.0 1.0 2.0 3.0 1.0  Encontrado: 0.9954475286856913 Esperado: 1.0 Erro: 0.004573291090811596
0.0 1.0 2.0 3.0 0.0  Encontrado: 1.0914301281874679 Esperado: 1.0 Erro: 0.08377094037096575
0.0 1.0 2.0 3.0 0.0  Encontrado: 1.0914301281874679 Esperado: 1.0 Erro: 0.08377094037096575
0.0 1.0 2.0 3.0 1.0  Encontrado: 0.9954475286856913 Esperado: 1.0 Erro: 0.004573291090811596
0.0 1.0 2.0 3.0 1.0  Encontrado: 0.9954475286856913 Esperado: 1.0 Erro: 0.004573291090811596
0.0 1.0 2.0 3.0 0.0  Encontrado: 1.0914301281874679 Esperado: 1.0 Erro: 0.08377094037096575
0.0 1.0 2.0 3.0 0.0  Encontrado: 1.0914301281874679 Esperado: 1.0 Erro: 0.08377094037096575
0.0 1.0 2.0 3.0 0.0  Encontrado: 1.0914301281874679 Esperado: 1.0 Erro: 0.08377094037096575
0.0 1.0 2.0 3.0 0.0  Encontrado: 1.0914301281874679 Esperado: 1.0 Erro: 0.08377094037096575
0.0 1.0 2.0 3.0 1.0  Encontrado: 0.9954475286856913 Esperado: 1.0 Erro: 0.004573291090811596
0.0 1.0 2.0 3.0 0.0  Encontrado: 1.0914301281874679 Esperado: 1.0 Erro: 0.08377094037096575
0.0 1.0 2.0 3.0 1.0  Encontrado: 0.9954475286856913 Esperado: 1.0 Erro: 0.004573291090811596
0.0 1.0 2.0 3.0 0.0  Encontrado: 1.0914301281874679 Esperado: 1.0 Erro: 0.08377094037096575
0.0 1.0 2.0 3.0 1.0  Encontrado: 0.9954475286856913 Esperado: 1.0 Erro: 0.004573291090811596
0.0 1.0 2.0 3.0 0.0  Encontrado: 1.0914301281874679 Esperado: 1.0 Erro: 0.08377094037096575
0.0 1.0 2.0 3.0 0.0  Encontrado: 1.0914301281874679 Esperado: 1.0 Erro: 0.08377094037096575
0.0 1.0 2.0 3.0 0.0  Encontrado: 1.0914301281874679 Esperado: 1.0 Erro: 0.08377094037096575
0.0 1.0 2.0 3.0 0.0  Encontrado: 1.0914301281874679 Esperado: 1.0 Erro: 0.08377094037096575
0.0 1.0 2.0 3.0 0.0  Encontrado: 1.0914301281874679 Esperado: 1.0 Erro: 0.08377094037096575
0.0 1.0 2.0 3.0 1.0  Encontrado: 0.9954475286856913 Esperado: 1.0 Erro: 0.004573291090811596
0.0 1.0 2.0 3.0 0.0  Encontrado: 1.0914301281874679 Esperado: 1.0 Erro: 0.08377094037096575
0.0 1.0 2.0 3.0 0.0  Encontrado: 1.0914301281874679 Esperado: 1.0 Erro: 0.08377094037096575
0.0 1.0 2.0 3.0 1.0  Encontrado: 0.9954475286856913 Esperado: 1.0 Erro: 0.004573291090811596
0.0 1.0 2.0 3.0 0.0  Encontrado: 1.0914301281874679 Esperado: 1.0 Erro: 0.08377094037096575
0.0 1.0 2.0 3.0 1.0  Encontrado: 0.9954475286856913 Esperado: 1.0 Erro: 0.004573291090811596
0.0 1.0 2.0 3.0 1.0  Encontrado: 0.9954475286856913 Esperado: 1.0 Erro: 0.004573291090811596
0.0 1.0 2.0 3.0 1.0  Encontrado: 0.9954475286856913 Esperado: 1.0 Erro: 0.004573291090811596
0.0 1.0 2.0 3.0 1.0  Encontrado: 0.9954475286856913 Esperado: 1.0 Erro: 0.004573291090811596
0.0 1.0 2.0 3.0 0.0  Encontrado: 1.0914301281874679 Esperado: 1.0 Erro: 0.08377094037096575
0.0 1.0 2.0 3.0 0.0  Encontrado: 1.0914301281874679 Esperado: 1.0 Erro: 0.08377094037096575
0.0 1.0 2.0 3.0 1.0  Encontrado: 0.9954475286856913 Esperado: 1.0 Erro: 0.004573291090811596
0.0 1.0 2.0 3.0 0.0  Encontrado: 1.0914301281874679 Esperado: 1.0 Erro: 0.08377094037096575
0.0 1.0 2.0 3.0 0.0  Encontrado: 1.0914301281874679 Esperado: 1.0 Erro: 0.08377094037096575
0.0 1.0 2.0 3.0 0.0  Encontrado: 1.0914301281874679 Esperado: 1.0 Erro: 0.08377094037096575
0.0 1.0 2.0 3.0 0.0  Encontrado: 1.0914301281874679 Esperado: 1.0 Erro: 0.08377094037096575
0.0 1.0 2.0 3.0 0.0  Encontrado: 1.0914301281874679 Esperado: 1.0 Erro: 0.08377094037096575
0.0 1.0 2.0 3.0 0.0  Encontrado: 1.0914301281874679 Esperado: 1.0 Erro: 0.08377094037096575
0.0 1.0 2.0 3.0 0.0  Encontrado: 1.0914301281874679 Esperado: 1.0 Erro: 0.08377094037096575
0.0 1.0 2.0 3.0 1.0  Encontrado: 0.9954475286856913 Esperado: 1.0 Erro: 0.004573291090811596
0.0 1.0 2.0 3.0 0.0  Encontrado: 1.0914301281874679 Esperado: 1.0 Erro: 0.08377094037096575
0.0 1.0 2.0 3.0 0.0  Encontrado: 1.0914301281874679 Esperado: 1.0 Erro: 0.08377094037096575
0.0 1.0 2.0 3.0 0.0  Encontrado: 1.0914301281874679 Esperado: 1.0 Erro: 0.08377094037096575
0.0 1.0 2.0 3.0 0.0  Encontrado: 1.0914301281874679 Esperado: 1.0 Erro: 0.08377094037096575
0.0 1.0 2.0 3.0 0.0  Encontrado: 1.0914301281874679 Esperado: 1.0 Erro: 0.08377094037096575
0.0 1.0 2.0 3.0 1.0  Encontrado: 0.9954475286856913 Esperado: 1.0 Erro: 0.004573291090811596
0.0 1.0 2.0 3.0 1.0  Encontrado: 0.9954475286856913 Esperado: 1.0 Erro: 0.004573291090811596
0.0 1.0 2.0 3.0 1.0  Encontrado: 0.9954475286856913 Esperado: 1.0 Erro: 0.004573291090811596
0.0 1.0 2.0 3.0 1.0  Encontrado: 0.9954475286856913 Esperado: 1.0 Erro: 0.004573291090811596
0.0 1.0 2.0 3.0 0.0  Encontrado: 1.0914301281874679 Esperado: 1.0 Erro: 0.08377094037096575
0.0 1.0 2.0 3.0 0.0  Encontrado: 1.0914301281874679 Esperado: 1.0 Erro: 0.08377094037096575
0.0 1.0 2.0 3.0 0.0  Encontrado: 1.0914301281874679 Esperado: 1.0 Erro: 0.08377094037096575
0.0 1.0 2.0 3.0 0.0  Encontrado: 1.0914301281874679 Esperado: 1.0 Erro: 0.08377094037096575
0.0 1.0 2.0 3.0 1.0  Encontrado: 0.9954475286856913 Esperado: 1.0 Erro: 0.004573291090811596
0.0 1.0 2.0 3.0 0.0  Encontrado: 1.0914301281874679 Esperado: 1.0 Erro: 0.08377094037096575
0.0 1.0 2.0 3.0 1.0  Encontrado: 0.9954475286856913 Esperado: 1.0 Erro: 0.004573291090811596
0.0 1.0 2.0 3.0 1.0  Encontrado: 0.9954475286856913 Esperado: 1.0 Erro: 0.004573291090811596
0.0 1.0 2.0 3.0 0.0  Encontrado: 1.0914301281874679 Esperado: 1.0 Erro: 0.08377094037096575
0.0 1.0 2.0 3.0 0.0  Encontrado: 1.0914301281874679 Esperado: 1.0 Erro: 0.08377094037096575
0.0 1.0 2.0 3.0 0.0  Encontrado: 1.0914301281874679 Esperado: 1.0 Erro: 0.08377094037096575
0.0 1.0 2.0 3.0 0.0  Encontrado: 1.0914301281874679 Esperado: 1.0 Erro: 0.08377094037096575
0.0 1.0 2.0 3.0 1.0  Encontrado: 0.9954475286856913 Esperado: 1.0 Erro: 0.004573291090811596
0.0 1.0 2.0 3.0 1.0  Encontrado: 0.9954475286856913 Esperado: 1.0 Erro: 0.004573291090811596
0.0 1.0 2.0 3.0 0.0  Encontrado: 1.0914301281874679 Esperado: 1.0 Erro: 0.08377094037096575
0.0 1.0 2.0 3.0 1.0  Encontrado: 0.9954475286856913 Esperado: 1.0 Erro: 0.004573291090811596
0.0 1.0 2.0 3.0 1.0  Encontrado: 0.9954475286856913 Esperado: 1.0 Erro: 0.004573291090811596
0.0 1.0 2.0 3.0 0.0  Encontrado: 1.0914301281874679 Esperado: 1.0 Erro: 0.08377094037096575
0.0 1.0 2.0 3.0 0.0  Encontrado: 1.0914301281874679 Esperado: 1.0 Erro: 0.08377094037096575
0.0 1.0 2.0 3.0 1.0  Encontrado: 0.9954475286856913 Esperado: 1.0 Erro: 0.004573291090811596
0.0 1.0 2.0 3.0 0.0  Encontrado: 1.0914301281874679 Esperado: 1.0 Erro: 0.08377094037096575
0.0 1.0 2.0 3.0 0.0  Encontrado: 1.0914301281874679 Esperado: 1.0 Erro: 0.08377094037096575
0.0 1.0 2.0 3.0 1.0  Encontrado: 0.9954475286856913 Esperado: 1.0 Erro: 0.004573291090811596
0.0 1.0 2.0 3.0 1.0  Encontrado: 0.9954475286856913 Esperado: 1.0 Erro: 0.004573291090811596
0.0 1.0 2.0 3.0 0.0  Encontrado: 1.0914301281874679 Esperado: 1.0 Erro: 0.08377094037096575
0.0 1.0 2.0 3.0 1.0  Encontrado: 0.9954475286856913 Esperado: 1.0 Erro: 0.004573291090811596
0.0 1.0 2.0 3.0 0.0  Encontrado: 1.0914301281874679 Esperado: 1.0 Erro: 0.08377094037096575
0.0 1.0 2.0 3.0 0.0  Encontrado: 1.0914301281874679 Esperado: 1.0 Erro: 0.08377094037096575
0.0 1.0 2.0 3.0 1.0  Encontrado: 0.9954475286856913 Esperado: 1.0 Erro: 0.004573291090811596
0.0 1.0 2.0 3.0 0.0  Encontrado: 1.0914301281874679 Esperado: 1.0 Erro: 0.08377094037096575
0.0 1.0 2.0 3.0 0.0  Encontrado: 1.0914301281874679 Esperado: 1.0 Erro: 0.08377094037096575
0.0 1.0 2.0 3.0 0.0  Encontrado: 1.0914301281874679 Esperado: 1.0 Erro: 0.08377094037096575
0.0 1.0 2.0 3.0 0.0  Encontrado: 1.0914301281874679 Esperado: 1.0 Erro: 0.08377094037096575
0.0 1.0 2.0 3.0 0.0  Encontrado: 1.0914301281874679 Esperado: 1.0 Erro: 0.08377094037096575
0.0 1.0 2.0 3.0 1.0  Encontrado: 0.9954475286856913 Esperado: 1.0 Erro: 0.004573291090811596
0.0 1.0 2.0 3.0 0.0  Encontrado: 1.0914301281874679 Esperado: 1.0 Erro: 0.08377094037096575
0.0 1.0 2.0 3.0 0.0  Encontrado: 1.0914301281874679 Esperado: 1.0 Erro: 0.08377094037096575
0.0 1.0 2.0 3.0 1.0  Encontrado: 0.9954475286856913 Esperado: 1.0 Erro: 0.004573291090811596
0.0 1.0 2.0 3.0 1.0  Encontrado: 0.9954475286856913 Esperado: 1.0 Erro: 0.004573291090811596
0.0 1.0 2.0 3.0 0.0  Encontrado: 1.0914301281874679 Esperado: 1.0 Erro: 0.08377094037096575
0.0 1.0 2.0 3.0 0.0  Encontrado: 1.0914301281874679 Esperado: 1.0 Erro: 0.08377094037096575
0.0 1.0 2.0 3.0 0.0  Encontrado: 1.0914301281874679 Esperado: 1.0 Erro: 0.08377094037096575
0.0 1.0 2.0 3.0 1.0  Encontrado: 0.9954475286856913 Esperado: 1.0 Erro: 0.004573291090811596
0.0 1.0 2.0 3.0 0.0  Encontrado: 1.0914301281874679 Esperado: 1.0 Erro: 0.08377094037096575
0.0 1.0 2.0 3.0 0.0  Encontrado: 1.0914301281874679 Esperado: 1.0 Erro: 0.08377094037096575
0.0 1.0 2.0 3.0 0.0  Encontrado: 1.0914301281874679 Esperado: 1.0 Erro: 0.08377094037096575
0.0 1.0 2.0 3.0 0.0  Encontrado: 1.0914301281874679 Esperado: 1.0 Erro: 0.08377094037096575
0.0 1.0 2.0 3.0 0.0  Encontrado: 1.0914301281874679 Esperado: 1.0 Erro: 0.08377094037096575
0.0 1.0 2.0 3.0 0.0  Encontrado: 1.0914301281874679 Esperado: 1.0 Erro: 0.08377094037096575
0.0 1.0 2.0 3.0 1.0  Encontrado: 0.9954475286856913 Esperado: 1.0 Erro: 0.004573291090811596
0.0 1.0 2.0 3.0 0.0  Encontrado: 1.0914301281874679 Esperado: 1.0 Erro: 0.08377094037096575
0.0 1.0 2.0 3.0 0.0  Encontrado: 1.0914301281874679 Esperado: 1.0 Erro: 0.08377094037096575
0.0 1.0 2.0 3.0 0.0  Encontrado: 1.0914301281874679 Esperado: 1.0 Erro: 0.08377094037096575
0.0 1.0 2.0 3.0 0.0  Encontrado: 1.0914301281874679 Esperado: 1.0 Erro: 0.08377094037096575
0.0 1.0 2.0 3.0 1.0  Encontrado: 0.9954475286856913 Esperado: 1.0 Erro: 0.004573291090811596
0.0 1.0 2.0 3.0 0.0  Encontrado: 1.0914301281874679 Esperado: 1.0 Erro: 0.08377094037096575
0.0 1.0 2.0 3.0 0.0  Encontrado: 1.0914301281874679 Esperado: 1.0 Erro: 0.08377094037096575
0.0 1.0 2.0 3.0 0.0  Encontrado: 1.0914301281874679 Esperado: 1.0 Erro: 0.08377094037096575
0.0 1.0 2.0 3.0 0.0  Encontrado: 1.0914301281874679 Esperado: 1.0 Erro: 0.08377094037096575
0.0 1.0 2.0 3.0 1.0  Encontrado: 0.9954475286856913 Esperado: 1.0 Erro: 0.004573291090811596
0.0 1.0 2.0 3.0 1.0  Encontrado: 0.9954475286856913 Esperado: 1.0 Erro: 0.004573291090811596
0.0 1.0 2.0 3.0 1.0  Encontrado: 0.9954475286856913 Esperado: 1.0 Erro: 0.004573291090811596
0.0 1.0 2.0 3.0 1.0  Encontrado: 0.9954475286856913 Esperado: 1.0 Erro: 0.004573291090811596
0.0 1.0 2.0 3.0 0.0  Encontrado: 1.0914301281874679 Esperado: 1.0 Erro: 0.08377094037096575
0.0 1.0 2.0 3.0 0.0  Encontrado: 1.0914301281874679 Esperado: 1.0 Erro: 0.08377094037096575
0.0 1.0 2.0 3.0 0.0  Encontrado: 1.0914301281874679 Esperado: 1.0 Erro: 0.08377094037096575
0.0 1.0 2.0 3.0 0.0  Encontrado: 1.0914301281874679 Esperado: 1.0 Erro: 0.08377094037096575
0.0 1.0 2.0 3.0 0.0  Encontrado: 1.0914301281874679 Esperado: 1.0 Erro: 0.08377094037096575
0.0 1.0 2.0 3.0 0.0  Encontrado: 1.0914301281874679 Esperado: 1.0 Erro: 0.08377094037096575
0.0 1.0 2.0 3.0 0.0  Encontrado: 1.0914301281874679 Esperado: 1.0 Erro: 0.08377094037096575
0.0 1.0 2.0 3.0 0.0  Encontrado: 1.0914301281874679 Esperado: 1.0 Erro: 0.08377094037096575
0.0 1.0 2.0 3.0 0.0  Encontrado: 1.0914301281874679 Esperado: 1.0 Erro: 0.08377094037096575
0.0 1.0 2.0 3.0 0.0  Encontrado: 1.0914301281874679 Esperado: 1.0 Erro: 0.08377094037096575
0.0 1.0 2.0 3.0 0.0  Encontrado: 1.0914301281874679 Esperado: 1.0 Erro: 0.08377094037096575
0.0 1.0 2.0 3.0 1.0  Encontrado: 0.9954475286856913 Esperado: 1.0 Erro: 0.004573291090811596
0.0 1.0 2.0 3.0 1.0  Encontrado: 0.9954475286856913 Esperado: 1.0 Erro: 0.004573291090811596
0.0 0.0 3.0 6.0 0.0  Encontrado: 0.30227318936417147 Esperado: 0.0 Erro: 1.0
0.0 0.0 3.0 6.0 1.0  Encontrado: 0.2988769883330746 Esperado: 0.0 Erro: 1.0
0.0 0.0 3.0 6.0 1.0  Encontrado: 0.2988769883330746 Esperado: 0.0 Erro: 1.0
0.0 0.0 3.0 6.0 0.0  Encontrado: 0.30227318936417147 Esperado: 0.0 Erro: 1.0
0.0 0.0 3.0 6.0 1.0  Encontrado: 0.2988769883330746 Esperado: 0.0 Erro: 1.0
0.0 0.0 3.0 6.0 0.0  Encontrado: 0.30227318936417147 Esperado: 0.0 Erro: 1.0
0.0 0.0 3.0 6.0 0.0  Encontrado: 0.30227318936417147 Esperado: 0.0 Erro: 1.0
0.0 0.0 3.0 6.0 0.0  Encontrado: 0.30227318936417147 Esperado: 0.0 Erro: 1.0
0.0 0.0 3.0 6.0 0.0  Encontrado: 0.30227318936417147 Esperado: 0.0 Erro: 1.0
0.0 0.0 3.0 6.0 0.0  Encontrado: 0.30227318936417147 Esperado: 0.0 Erro: 1.0
0.0 0.0 3.0 6.0 1.0  Encontrado: 0.2988769883330746 Esperado: 0.0 Erro: 1.0
0.0 0.0 3.0 6.0 0.0  Encontrado: 0.30227318936417147 Esperado: 0.0 Erro: 1.0
0.0 0.0 3.0 6.0 1.0  Encontrado: 0.2988769883330746 Esperado: 0.0 Erro: 1.0
0.0 0.0 3.0 6.0 1.0  Encontrado: 0.2988769883330746 Esperado: 0.0 Erro: 1.0
0.0 0.0 3.0 6.0 1.0  Encontrado: 0.2988769883330746 Esperado: 0.0 Erro: 1.0
0.0 0.0 3.0 6.0 1.0  Encontrado: 0.2988769883330746 Esperado: 0.0 Erro: 1.0
0.0 0.0 3.0 6.0 0.0  Encontrado: 0.30227318936417147 Esperado: 0.0 Erro: 1.0
0.0 0.0 3.0 6.0 0.0  Encontrado: 0.30227318936417147 Esperado: 0.0 Erro: 1.0
0.0 0.0 2.0 1.0 0.0  Encontrado: 2.019549422667178 Esperado: 2.0 Erro: 0.009680091236073666
0.0 0.0 2.0 1.0 1.0  Encontrado: 2.001453581347592 Esperado: 2.0 Erro: 7.262628327424343E-4
1.0 0.0 2.0 1.0 1.0  Encontrado: 2.0829373695661486 Esperado: 2.0 Erro: 0.03981750521064562
0.0 0.0 2.0 1.0 1.0  Encontrado: 2.001453581347592 Esperado: 2.0 Erro: 7.262628327424343E-4
0.0 0.0 2.0 1.0 1.0  Encontrado: 2.001453581347592 Esperado: 2.0 Erro: 7.262628327424343E-4
0.0 0.0 2.0 1.0 0.0  Encontrado: 2.019549422667178 Esperado: 2.0 Erro: 0.009680091236073666
1.0 0.0 2.0 1.0 0.0  Encontrado: 2.1630779448702824 Esperado: 2.0 Erro: 0.07539161742045407
0.0 0.0 2.0 1.0 0.0  Encontrado: 2.019549422667178 Esperado: 2.0 Erro: 0.009680091236073666
0.0 0.0 2.0 1.0 0.0  Encontrado: 2.019549422667178 Esperado: 2.0 Erro: 0.009680091236073666
1.0 0.0 2.0 1.0 1.0  Encontrado: 2.0829373695661486 Esperado: 2.0 Erro: 0.03981750521064562
1.0 0.0 2.0 1.0 1.0  Encontrado: 2.0829373695661486 Esperado: 2.0 Erro: 0.03981750521064562
0.0 0.0 2.0 1.0 0.0  Encontrado: 2.019549422667178 Esperado: 2.0 Erro: 0.009680091236073666
1.0 0.0 2.0 1.0 1.0  Encontrado: 2.0829373695661486 Esperado: 2.0 Erro: 0.03981750521064562
1.0 0.0 2.0 1.0 1.0  Encontrado: 2.0829373695661486 Esperado: 2.0 Erro: 0.03981750521064562
0.0 0.0 2.0 1.0 1.0  Encontrado: 2.001453581347592 Esperado: 2.0 Erro: 7.262628327424343E-4
1.0 0.0 2.0 1.0 0.0  Encontrado: 2.1630779448702824 Esperado: 2.0 Erro: 0.07539161742045407
1.0 0.0 2.0 1.0 0.0  Encontrado: 2.1630779448702824 Esperado: 2.0 Erro: 0.07539161742045407
0.0 0.0 2.0 1.0 1.0  Encontrado: 2.001453581347592 Esperado: 2.0 Erro: 7.262628327424343E-4
2.0 2.0 3.0 4.0 1.0  Encontrado: 2.8609105093040244 Esperado: 3.0 Erro: 0.0486172112841838
2.0 2.0 3.0 4.0 0.0  Encontrado: 2.872088584188464 Esperado: 3.0 Erro: 0.044536027375937835
2.0 2.0 3.0 4.0 1.0  Encontrado: 2.8609105093040244 Esperado: 3.0 Erro: 0.0486172112841838
2.0 2.0 3.0 4.0 1.0  Encontrado: 2.8609105093040244 Esperado: 3.0 Erro: 0.0486172112841838
2.0 2.0 3.0 4.0 1.0  Encontrado: 2.8609105093040244 Esperado: 3.0 Erro: 0.0486172112841838
2.0 2.0 3.0 4.0 1.0  Encontrado: 2.8609105093040244 Esperado: 3.0 Erro: 0.0486172112841838
2.0 2.0 3.0 4.0 1.0  Encontrado: 2.8609105093040244 Esperado: 3.0 Erro: 0.0486172112841838
2.0 2.0 3.0 4.0 0.0  Encontrado: 2.872088584188464 Esperado: 3.0 Erro: 0.044536027375937835
2.0 2.0 3.0 4.0 1.0  Encontrado: 2.8609105093040244 Esperado: 3.0 Erro: 0.0486172112841838
2.0 2.0 3.0 4.0 0.0  Encontrado: 2.872088584188464 Esperado: 3.0 Erro: 0.044536027375937835
2.0 2.0 3.0 4.0 0.0  Encontrado: 2.872088584188464 Esperado: 3.0 Erro: 0.044536027375937835
2.0 2.0 3.0 4.0 1.0  Encontrado: 2.8609105093040244 Esperado: 3.0 Erro: 0.0486172112841838
2.0 2.0 3.0 4.0 0.0  Encontrado: 2.872088584188464 Esperado: 3.0 Erro: 0.044536027375937835
2.0 2.0 3.0 4.0 0.0  Encontrado: 2.872088584188464 Esperado: 3.0 Erro: 0.044536027375937835
2.0 2.0 3.0 4.0 1.0  Encontrado: 2.8609105093040244 Esperado: 3.0 Erro: 0.0486172112841838
2.0 2.0 3.0 4.0 1.0  Encontrado: 2.8609105093040244 Esperado: 3.0 Erro: 0.0486172112841838
2.0 2.0 3.0 4.0 1.0  Encontrado: 2.8609105093040244 Esperado: 3.0 Erro: 0.0486172112841838
2.0 2.0 3.0 4.0 0.0  Encontrado: 2.872088584188464 Esperado: 3.0 Erro: 0.044536027375937835
0.13510524194782322
-----------
Início do teste: Dom, 25-Set-2011 18:23:08
-----------
0.0 1.0 2.0 3.0 1.0  Encontrado: 0.7562053709254658 Esperado: 1.0 Erro: 0.3223920887736771
0.0 1.0 2.0 3.0 0.0  Encontrado: 0.6957897990867543 Esperado: 1.0 Erro: 0.43721566673229617
0.0 1.0 2.0 3.0 1.0  Encontrado: 0.7562053709254658 Esperado: 1.0 Erro: 0.3223920887736771
0.0 1.0 2.0 3.0 1.0  Encontrado: 0.7562053709254658 Esperado: 1.0 Erro: 0.3223920887736771
0.0 1.0 2.0 3.0 1.0  Encontrado: 0.7562053709254658 Esperado: 1.0 Erro: 0.3223920887736771
0.0 1.0 2.0 3.0 1.0  Encontrado: 0.7562053709254658 Esperado: 1.0 Erro: 0.3223920887736771
0.0 1.0 2.0 3.0 1.0  Encontrado: 0.7562053709254658 Esperado: 1.0 Erro: 0.3223920887736771
0.0 1.0 2.0 3.0 1.0  Encontrado: 0.7562053709254658 Esperado: 1.0 Erro: 0.3223920887736771
0.0 1.0 2.0 3.0 1.0  Encontrado: 0.7562053709254658 Esperado: 1.0 Erro: 0.3223920887736771
0.0 1.0 2.0 3.0 0.0  Encontrado: 0.6957897990867543 Esperado: 1.0 Erro: 0.43721566673229617
0.0 1.0 2.0 3.0 0.0  Encontrado: 0.6957897990867543 Esperado: 1.0 Erro: 0.43721566673229617
0.0 1.0 2.0 3.0 0.0  Encontrado: 0.6957897990867543 Esperado: 1.0 Erro: 0.43721566673229617
0.0 1.0 2.0 3.0 0.0  Encontrado: 0.6957897990867543 Esperado: 1.0 Erro: 0.43721566673229617
0.0 1.0 2.0 3.0 1.0  Encontrado: 0.7562053709254658 Esperado: 1.0 Erro: 0.3223920887736771
0.0 1.0 2.0 3.0 0.0  Encontrado: 0.6957897990867543 Esperado: 1.0 Erro: 0.43721566673229617
0.0 1.0 2.0 3.0 0.0  Encontrado: 0.6957897990867543 Esperado: 1.0 Erro: 0.43721566673229617
0.0 1.0 2.0 3.0 0.0  Encontrado: 0.6957897990867543 Esperado: 1.0 Erro: 0.43721566673229617
0.0 1.0 2.0 3.0 0.0  Encontrado: 0.6957897990867543 Esperado: 1.0 Erro: 0.43721566673229617
0.0 1.0 2.0 3.0 0.0  Encontrado: 0.6957897990867543 Esperado: 1.0 Erro: 0.43721566673229617
0.0 1.0 2.0 3.0 0.0  Encontrado: 0.6957897990867543 Esperado: 1.0 Erro: 0.43721566673229617
0.0 1.0 2.0 3.0 0.0  Encontrado: 0.6957897990867543 Esperado: 1.0 Erro: 0.43721566673229617
0.0 1.0 2.0 3.0 1.0  Encontrado: 0.7562053709254658 Esperado: 1.0 Erro: 0.3223920887736771
0.0 1.0 2.0 3.0 1.0  Encontrado: 0.7562053709254658 Esperado: 1.0 Erro: 0.3223920887736771
0.0 1.0 2.0 3.0 0.0  Encontrado: 0.6957897990867543 Esperado: 1.0 Erro: 0.43721566673229617
0.0 1.0 2.0 3.0 1.0  Encontrado: 0.7562053709254658 Esperado: 1.0 Erro: 0.3223920887736771
0.0 1.0 2.0 3.0 1.0  Encontrado: 0.7562053709254658 Esperado: 1.0 Erro: 0.3223920887736771
0.0 1.0 2.0 3.0 1.0  Encontrado: 0.7562053709254658 Esperado: 1.0 Erro: 0.3223920887736771
0.0 1.0 2.0 3.0 0.0  Encontrado: 0.6957897990867543 Esperado: 1.0 Erro: 0.43721566673229617
0.0 1.0 2.0 3.0 1.0  Encontrado: 0.7562053709254658 Esperado: 1.0 Erro: 0.3223920887736771
0.0 1.0 2.0 3.0 0.0  Encontrado: 0.6957897990867543 Esperado: 1.0 Erro: 0.43721566673229617
0.0 1.0 2.0 3.0 0.0  Encontrado: 0.6957897990867543 Esperado: 1.0 Erro: 0.43721566673229617
0.0 1.0 2.0 3.0 1.0  Encontrado: 0.7562053709254658 Esperado: 1.0 Erro: 0.3223920887736771
0.0 1.0 2.0 3.0 0.0  Encontrado: 0.6957897990867543 Esperado: 1.0 Erro: 0.43721566673229617
0.0 1.0 2.0 3.0 1.0  Encontrado: 0.7562053709254658 Esperado: 1.0 Erro: 0.3223920887736771
0.0 1.0 2.0 3.0 1.0  Encontrado: 0.7562053709254658 Esperado: 1.0 Erro: 0.3223920887736771
0.0 1.0 2.0 3.0 0.0  Encontrado: 0.6957897990867543 Esperado: 1.0 Erro: 0.43721566673229617
0.0 1.0 2.0 3.0 0.0  Encontrado: 0.6957897990867543 Esperado: 1.0 Erro: 0.43721566673229617
0.0 1.0 2.0 3.0 0.0  Encontrado: 0.6957897990867543 Esperado: 1.0 Erro: 0.43721566673229617
0.0 1.0 2.0 3.0 1.0  Encontrado: 0.7562053709254658 Esperado: 1.0 Erro: 0.3223920887736771
0.0 1.0 2.0 3.0 0.0  Encontrado: 0.6957897990867543 Esperado: 1.0 Erro: 0.43721566673229617
0.0 1.0 2.0 3.0 1.0  Encontrado: 0.7562053709254658 Esperado: 1.0 Erro: 0.3223920887736771
0.0 1.0 2.0 3.0 0.0  Encontrado: 0.6957897990867543 Esperado: 1.0 Erro: 0.43721566673229617
0.0 1.0 2.0 3.0 1.0  Encontrado: 0.7562053709254658 Esperado: 1.0 Erro: 0.3223920887736771
0.0 1.0 2.0 3.0 0.0  Encontrado: 0.6957897990867543 Esperado: 1.0 Erro: 0.43721566673229617
0.0 1.0 2.0 3.0 0.0  Encontrado: 0.6957897990867543 Esperado: 1.0 Erro: 0.43721566673229617
0.0 1.0 2.0 3.0 1.0  Encontrado: 0.7562053709254658 Esperado: 1.0 Erro: 0.3223920887736771
0.0 1.0 2.0 3.0 1.0  Encontrado: 0.7562053709254658 Esperado: 1.0 Erro: 0.3223920887736771
0.0 1.0 2.0 3.0 1.0  Encontrado: 0.7562053709254658 Esperado: 1.0 Erro: 0.3223920887736771
0.0 1.0 2.0 3.0 0.0  Encontrado: 0.6957897990867543 Esperado: 1.0 Erro: 0.43721566673229617
0.0 1.0 2.0 3.0 0.0  Encontrado: 0.6957897990867543 Esperado: 1.0 Erro: 0.43721566673229617
0.0 1.0 2.0 3.0 0.0  Encontrado: 0.6957897990867543 Esperado: 1.0 Erro: 0.43721566673229617
0.0 1.0 2.0 3.0 0.0  Encontrado: 0.6957897990867543 Esperado: 1.0 Erro: 0.43721566673229617
0.0 1.0 2.0 3.0 0.0  Encontrado: 0.6957897990867543 Esperado: 1.0 Erro: 0.43721566673229617
0.0 1.0 2.0 3.0 0.0  Encontrado: 0.6957897990867543 Esperado: 1.0 Erro: 0.43721566673229617
0.0 1.0 2.0 3.0 1.0  Encontrado: 0.7562053709254658 Esperado: 1.0 Erro: 0.3223920887736771
0.0 1.0 2.0 3.0 0.0  Encontrado: 0.6957897990867543 Esperado: 1.0 Erro: 0.43721566673229617
0.0 1.0 2.0 3.0 1.0  Encontrado: 0.7562053709254658 Esperado: 1.0 Erro: 0.3223920887736771
0.0 1.0 2.0 3.0 1.0  Encontrado: 0.7562053709254658 Esperado: 1.0 Erro: 0.3223920887736771
0.0 1.0 2.0 3.0 1.0  Encontrado: 0.7562053709254658 Esperado: 1.0 Erro: 0.3223920887736771
0.0 1.0 2.0 3.0 0.0  Encontrado: 0.6957897990867543 Esperado: 1.0 Erro: 0.43721566673229617
0.0 1.0 2.0 3.0 0.0  Encontrado: 0.6957897990867543 Esperado: 1.0 Erro: 0.43721566673229617
0.0 1.0 2.0 3.0 1.0  Encontrado: 0.7562053709254658 Esperado: 1.0 Erro: 0.3223920887736771
0.0 1.0 2.0 3.0 0.0  Encontrado: 0.6957897990867543 Esperado: 1.0 Erro: 0.43721566673229617
0.0 1.0 2.0 3.0 1.0  Encontrado: 0.7562053709254658 Esperado: 1.0 Erro: 0.3223920887736771
0.0 1.0 2.0 3.0 1.0  Encontrado: 0.7562053709254658 Esperado: 1.0 Erro: 0.3223920887736771
0.0 1.0 2.0 3.0 0.0  Encontrado: 0.6957897990867543 Esperado: 1.0 Erro: 0.43721566673229617
0.0 1.0 2.0 3.0 1.0  Encontrado: 0.7562053709254658 Esperado: 1.0 Erro: 0.3223920887736771
0.0 1.0 2.0 3.0 1.0  Encontrado: 0.7562053709254658 Esperado: 1.0 Erro: 0.3223920887736771
0.0 1.0 2.0 3.0 1.0  Encontrado: 0.7562053709254658 Esperado: 1.0 Erro: 0.3223920887736771
0.0 1.0 2.0 3.0 0.0  Encontrado: 0.6957897990867543 Esperado: 1.0 Erro: 0.43721566673229617
0.0 1.0 2.0 3.0 0.0  Encontrado: 0.6957897990867543 Esperado: 1.0 Erro: 0.43721566673229617
0.0 1.0 2.0 3.0 0.0  Encontrado: 0.6957897990867543 Esperado: 1.0 Erro: 0.43721566673229617
0.0 1.0 2.0 3.0 1.0  Encontrado: 0.7562053709254658 Esperado: 1.0 Erro: 0.3223920887736771
0.0 1.0 2.0 3.0 1.0  Encontrado: 0.7562053709254658 Esperado: 1.0 Erro: 0.3223920887736771
0.0 1.0 2.0 3.0 1.0  Encontrado: 0.7562053709254658 Esperado: 1.0 Erro: 0.3223920887736771
0.0 1.0 2.0 3.0 0.0  Encontrado: 0.6957897990867543 Esperado: 1.0 Erro: 0.43721566673229617
0.0 1.0 2.0 3.0 0.0  Encontrado: 0.6957897990867543 Esperado: 1.0 Erro: 0.43721566673229617
0.0 1.0 2.0 3.0 1.0  Encontrado: 0.7562053709254658 Esperado: 1.0 Erro: 0.3223920887736771
0.0 1.0 2.0 3.0 1.0  Encontrado: 0.7562053709254658 Esperado: 1.0 Erro: 0.3223920887736771
0.0 1.0 2.0 3.0 1.0  Encontrado: 0.7562053709254658 Esperado: 1.0 Erro: 0.3223920887736771
0.0 1.0 2.0 3.0 0.0  Encontrado: 0.6957897990867543 Esperado: 1.0 Erro: 0.43721566673229617
0.0 1.0 2.0 3.0 1.0  Encontrado: 0.7562053709254658 Esperado: 1.0 Erro: 0.3223920887736771
0.0 1.0 2.0 3.0 1.0  Encontrado: 0.7562053709254658 Esperado: 1.0 Erro: 0.3223920887736771
0.0 1.0 2.0 3.0 1.0  Encontrado: 0.7562053709254658 Esperado: 1.0 Erro: 0.3223920887736771
0.0 1.0 2.0 3.0 1.0  Encontrado: 0.7562053709254658 Esperado: 1.0 Erro: 0.3223920887736771
0.0 1.0 2.0 3.0 0.0  Encontrado: 0.6957897990867543 Esperado: 1.0 Erro: 0.43721566673229617
0.0 1.0 2.0 3.0 0.0  Encontrado: 0.6957897990867543 Esperado: 1.0 Erro: 0.43721566673229617
0.0 1.0 2.0 3.0 0.0  Encontrado: 0.6957897990867543 Esperado: 1.0 Erro: 0.43721566673229617
0.0 1.0 2.0 3.0 1.0  Encontrado: 0.7562053709254658 Esperado: 1.0 Erro: 0.3223920887736771
0.0 1.0 2.0 3.0 1.0  Encontrado: 0.7562053709254658 Esperado: 1.0 Erro: 0.3223920887736771
0.0 1.0 2.0 3.0 1.0  Encontrado: 0.7562053709254658 Esperado: 1.0 Erro: 0.3223920887736771
0.0 1.0 2.0 3.0 1.0  Encontrado: 0.7562053709254658 Esperado: 1.0 Erro: 0.3223920887736771
0.0 1.0 2.0 3.0 1.0  Encontrado: 0.7562053709254658 Esperado: 1.0 Erro: 0.3223920887736771
0.0 1.0 2.0 3.0 1.0  Encontrado: 0.7562053709254658 Esperado: 1.0 Erro: 0.3223920887736771
0.0 1.0 2.0 3.0 0.0  Encontrado: 0.6957897990867543 Esperado: 1.0 Erro: 0.43721566673229617
0.0 1.0 2.0 3.0 0.0  Encontrado: 0.6957897990867543 Esperado: 1.0 Erro: 0.43721566673229617
0.0 1.0 2.0 3.0 0.0  Encontrado: 0.6957897990867543 Esperado: 1.0 Erro: 0.43721566673229617
0.0 1.0 2.0 3.0 1.0  Encontrado: 0.7562053709254658 Esperado: 1.0 Erro: 0.3223920887736771
0.0 1.0 2.0 3.0 0.0  Encontrado: 0.6957897990867543 Esperado: 1.0 Erro: 0.43721566673229617
0.0 1.0 2.0 3.0 1.0  Encontrado: 0.7562053709254658 Esperado: 1.0 Erro: 0.3223920887736771
0.0 1.0 2.0 3.0 0.0  Encontrado: 0.6957897990867543 Esperado: 1.0 Erro: 0.43721566673229617
0.0 1.0 2.0 3.0 0.0  Encontrado: 0.6957897990867543 Esperado: 1.0 Erro: 0.43721566673229617
0.0 1.0 2.0 3.0 1.0  Encontrado: 0.7562053709254658 Esperado: 1.0 Erro: 0.3223920887736771
0.0 1.0 2.0 3.0 0.0  Encontrado: 0.6957897990867543 Esperado: 1.0 Erro: 0.43721566673229617
0.0 1.0 2.0 3.0 1.0  Encontrado: 0.7562053709254658 Esperado: 1.0 Erro: 0.3223920887736771
0.0 1.0 2.0 3.0 1.0  Encontrado: 0.7562053709254658 Esperado: 1.0 Erro: 0.3223920887736771
0.0 1.0 2.0 3.0 1.0  Encontrado: 0.7562053709254658 Esperado: 1.0 Erro: 0.3223920887736771
0.0 1.0 2.0 3.0 0.0  Encontrado: 0.6957897990867543 Esperado: 1.0 Erro: 0.43721566673229617
0.0 1.0 2.0 3.0 0.0  Encontrado: 0.6957897990867543 Esperado: 1.0 Erro: 0.43721566673229617
0.0 1.0 2.0 3.0 1.0  Encontrado: 0.7562053709254658 Esperado: 1.0 Erro: 0.3223920887736771
0.0 1.0 2.0 3.0 0.0  Encontrado: 0.6957897990867543 Esperado: 1.0 Erro: 0.43721566673229617
0.0 1.0 2.0 3.0 0.0  Encontrado: 0.6957897990867543 Esperado: 1.0 Erro: 0.43721566673229617
0.0 1.0 2.0 3.0 1.0  Encontrado: 0.7562053709254658 Esperado: 1.0 Erro: 0.3223920887736771
0.0 1.0 2.0 3.0 1.0  Encontrado: 0.7562053709254658 Esperado: 1.0 Erro: 0.3223920887736771
0.0 1.0 2.0 3.0 1.0  Encontrado: 0.7562053709254658 Esperado: 1.0 Erro: 0.3223920887736771
0.0 1.0 2.0 3.0 1.0  Encontrado: 0.7562053709254658 Esperado: 1.0 Erro: 0.3223920887736771
0.0 1.0 2.0 3.0 0.0  Encontrado: 0.6957897990867543 Esperado: 1.0 Erro: 0.43721566673229617
0.0 1.0 2.0 3.0 0.0  Encontrado: 0.6957897990867543 Esperado: 1.0 Erro: 0.43721566673229617
0.0 1.0 2.0 3.0 0.0  Encontrado: 0.6957897990867543 Esperado: 1.0 Erro: 0.43721566673229617
0.0 1.0 2.0 3.0 1.0  Encontrado: 0.7562053709254658 Esperado: 1.0 Erro: 0.3223920887736771
0.0 1.0 2.0 3.0 0.0  Encontrado: 0.6957897990867543 Esperado: 1.0 Erro: 0.43721566673229617
0.0 1.0 2.0 3.0 0.0  Encontrado: 0.6957897990867543 Esperado: 1.0 Erro: 0.43721566673229617
0.0 1.0 2.0 3.0 0.0  Encontrado: 0.6957897990867543 Esperado: 1.0 Erro: 0.43721566673229617
0.0 1.0 2.0 3.0 0.0  Encontrado: 0.6957897990867543 Esperado: 1.0 Erro: 0.43721566673229617
0.0 1.0 2.0 3.0 1.0  Encontrado: 0.7562053709254658 Esperado: 1.0 Erro: 0.3223920887736771
0.0 1.0 2.0 3.0 0.0  Encontrado: 0.6957897990867543 Esperado: 1.0 Erro: 0.43721566673229617
0.0 1.0 2.0 3.0 1.0  Encontrado: 0.7562053709254658 Esperado: 1.0 Erro: 0.3223920887736771
0.0 1.0 2.0 3.0 1.0  Encontrado: 0.7562053709254658 Esperado: 1.0 Erro: 0.3223920887736771
0.0 1.0 2.0 3.0 0.0  Encontrado: 0.6957897990867543 Esperado: 1.0 Erro: 0.43721566673229617
0.0 1.0 2.0 3.0 0.0  Encontrado: 0.6957897990867543 Esperado: 1.0 Erro: 0.43721566673229617
0.0 1.0 2.0 3.0 0.0  Encontrado: 0.6957897990867543 Esperado: 1.0 Erro: 0.43721566673229617
0.0 1.0 2.0 3.0 0.0  Encontrado: 0.6957897990867543 Esperado: 1.0 Erro: 0.43721566673229617
0.0 1.0 2.0 3.0 1.0  Encontrado: 0.7562053709254658 Esperado: 1.0 Erro: 0.3223920887736771
0.0 1.0 2.0 3.0 1.0  Encontrado: 0.7562053709254658 Esperado: 1.0 Erro: 0.3223920887736771
0.0 1.0 2.0 3.0 0.0  Encontrado: 0.6957897990867543 Esperado: 1.0 Erro: 0.43721566673229617
0.0 1.0 2.0 3.0 1.0  Encontrado: 0.7562053709254658 Esperado: 1.0 Erro: 0.3223920887736771
0.0 1.0 2.0 3.0 1.0  Encontrado: 0.7562053709254658 Esperado: 1.0 Erro: 0.3223920887736771
0.0 1.0 2.0 3.0 0.0  Encontrado: 0.6957897990867543 Esperado: 1.0 Erro: 0.43721566673229617
0.0 1.0 2.0 3.0 0.0  Encontrado: 0.6957897990867543 Esperado: 1.0 Erro: 0.43721566673229617
0.0 1.0 2.0 3.0 0.0  Encontrado: 0.6957897990867543 Esperado: 1.0 Erro: 0.43721566673229617
0.0 1.0 2.0 3.0 1.0  Encontrado: 0.7562053709254658 Esperado: 1.0 Erro: 0.3223920887736771
0.0 1.0 2.0 3.0 0.0  Encontrado: 0.6957897990867543 Esperado: 1.0 Erro: 0.43721566673229617
0.0 1.0 2.0 3.0 1.0  Encontrado: 0.7562053709254658 Esperado: 1.0 Erro: 0.3223920887736771
0.0 1.0 2.0 3.0 1.0  Encontrado: 0.7562053709254658 Esperado: 1.0 Erro: 0.3223920887736771
0.0 1.0 2.0 3.0 0.0  Encontrado: 0.6957897990867543 Esperado: 1.0 Erro: 0.43721566673229617
0.0 1.0 2.0 3.0 1.0  Encontrado: 0.7562053709254658 Esperado: 1.0 Erro: 0.3223920887736771
0.0 1.0 2.0 3.0 0.0  Encontrado: 0.6957897990867543 Esperado: 1.0 Erro: 0.43721566673229617
0.0 1.0 2.0 3.0 1.0  Encontrado: 0.7562053709254658 Esperado: 1.0 Erro: 0.3223920887736771
0.0 1.0 2.0 3.0 0.0  Encontrado: 0.6957897990867543 Esperado: 1.0 Erro: 0.43721566673229617
0.0 1.0 2.0 3.0 0.0  Encontrado: 0.6957897990867543 Esperado: 1.0 Erro: 0.43721566673229617
0.0 1.0 2.0 3.0 0.0  Encontrado: 0.6957897990867543 Esperado: 1.0 Erro: 0.43721566673229617
0.0 0.0 3.0 6.0 1.0  Encontrado: 0.018602820268183495 Esperado: 0.0 Erro: 1.0
0.0 0.0 3.0 6.0 0.0  Encontrado: 0.019052913494502152 Esperado: 0.0 Erro: 1.0
0.0 0.0 3.0 6.0 0.0  Encontrado: 0.019052913494502152 Esperado: 0.0 Erro: 1.0
0.0 0.0 3.0 6.0 1.0  Encontrado: 0.018602820268183495 Esperado: 0.0 Erro: 1.0
0.0 0.0 3.0 6.0 1.0  Encontrado: 0.018602820268183495 Esperado: 0.0 Erro: 1.0
0.0 0.0 3.0 6.0 1.0  Encontrado: 0.018602820268183495 Esperado: 0.0 Erro: 1.0
0.0 0.0 3.0 6.0 1.0  Encontrado: 0.018602820268183495 Esperado: 0.0 Erro: 1.0
0.0 0.0 3.0 6.0 0.0  Encontrado: 0.019052913494502152 Esperado: 0.0 Erro: 1.0
0.0 0.0 3.0 6.0 1.0  Encontrado: 0.018602820268183495 Esperado: 0.0 Erro: 1.0
0.0 0.0 3.0 6.0 1.0  Encontrado: 0.018602820268183495 Esperado: 0.0 Erro: 1.0
0.0 0.0 3.0 6.0 1.0  Encontrado: 0.018602820268183495 Esperado: 0.0 Erro: 1.0
0.0 0.0 3.0 6.0 1.0  Encontrado: 0.018602820268183495 Esperado: 0.0 Erro: 1.0
0.0 0.0 3.0 6.0 0.0  Encontrado: 0.019052913494502152 Esperado: 0.0 Erro: 1.0
0.0 0.0 3.0 6.0 1.0  Encontrado: 0.018602820268183495 Esperado: 0.0 Erro: 1.0
0.0 0.0 3.0 6.0 0.0  Encontrado: 0.019052913494502152 Esperado: 0.0 Erro: 1.0
0.0 0.0 3.0 6.0 1.0  Encontrado: 0.018602820268183495 Esperado: 0.0 Erro: 1.0
0.0 0.0 3.0 6.0 0.0  Encontrado: 0.019052913494502152 Esperado: 0.0 Erro: 1.0
0.0 0.0 3.0 6.0 1.0  Encontrado: 0.018602820268183495 Esperado: 0.0 Erro: 1.0
1.0 0.0 2.0 1.0 0.0  Encontrado: 2.0394091417021656 Esperado: 2.0 Erro: 0.0193238035940514
0.0 0.0 2.0 1.0 1.0  Encontrado: 1.9744076833965187 Esperado: 2.0 Erro: 0.012962022392181699
1.0 0.0 2.0 1.0 1.0  Encontrado: 2.0354334788707797 Esperado: 2.0 Erro: 0.017408320752608224
1.0 0.0 2.0 1.0 0.0  Encontrado: 2.0394091417021656 Esperado: 2.0 Erro: 0.0193238035940514
1.0 0.0 2.0 1.0 1.0  Encontrado: 2.0354334788707797 Esperado: 2.0 Erro: 0.017408320752608224
0.0 0.0 2.0 1.0 0.0  Encontrado: 1.9364000662034162 Esperado: 2.0 Erro: 0.03284441831345337
1.0 0.0 2.0 1.0 0.0  Encontrado: 2.0394091417021656 Esperado: 2.0 Erro: 0.0193238035940514
1.0 0.0 2.0 1.0 1.0  Encontrado: 2.0354334788707797 Esperado: 2.0 Erro: 0.017408320752608224
1.0 0.0 2.0 1.0 1.0  Encontrado: 2.0354334788707797 Esperado: 2.0 Erro: 0.017408320752608224
0.0 0.0 2.0 1.0 1.0  Encontrado: 1.9744076833965187 Esperado: 2.0 Erro: 0.012962022392181699
0.0 0.0 2.0 1.0 0.0  Encontrado: 1.9364000662034162 Esperado: 2.0 Erro: 0.03284441831345337
1.0 0.0 2.0 1.0 1.0  Encontrado: 2.0354334788707797 Esperado: 2.0 Erro: 0.017408320752608224
0.0 0.0 2.0 1.0 0.0  Encontrado: 1.9364000662034162 Esperado: 2.0 Erro: 0.03284441831345337
1.0 0.0 2.0 1.0 1.0  Encontrado: 2.0354334788707797 Esperado: 2.0 Erro: 0.017408320752608224
0.0 0.0 2.0 1.0 0.0  Encontrado: 1.9364000662034162 Esperado: 2.0 Erro: 0.03284441831345337
0.0 0.0 2.0 1.0 0.0  Encontrado: 1.9364000662034162 Esperado: 2.0 Erro: 0.03284441831345337
1.0 0.0 2.0 1.0 0.0  Encontrado: 2.0394091417021656 Esperado: 2.0 Erro: 0.0193238035940514
0.0 0.0 2.0 1.0 0.0  Encontrado: 1.9364000662034162 Esperado: 2.0 Erro: 0.03284441831345337
2.0 2.0 3.0 4.0 1.0  Encontrado: 2.9418479632626195 Esperado: 3.0 Erro: 0.019767179495193105
2.0 2.0 3.0 4.0 1.0  Encontrado: 2.9418479632626195 Esperado: 3.0 Erro: 0.019767179495193105
2.0 2.0 3.0 4.0 1.0  Encontrado: 2.9418479632626195 Esperado: 3.0 Erro: 0.019767179495193105
2.0 2.0 3.0 4.0 0.0  Encontrado: 2.914867851710669 Esperado: 3.0 Erro: 0.02920617764519537
2.0 2.0 3.0 4.0 0.0  Encontrado: 2.914867851710669 Esperado: 3.0 Erro: 0.02920617764519537
2.0 2.0 3.0 4.0 0.0  Encontrado: 2.914867851710669 Esperado: 3.0 Erro: 0.02920617764519537
2.0 2.0 3.0 4.0 1.0  Encontrado: 2.9418479632626195 Esperado: 3.0 Erro: 0.019767179495193105
2.0 2.0 3.0 4.0 0.0  Encontrado: 2.914867851710669 Esperado: 3.0 Erro: 0.02920617764519537
2.0 2.0 3.0 4.0 0.0  Encontrado: 2.914867851710669 Esperado: 3.0 Erro: 0.02920617764519537
2.0 2.0 3.0 4.0 1.0  Encontrado: 2.9418479632626195 Esperado: 3.0 Erro: 0.019767179495193105
2.0 2.0 3.0 4.0 1.0  Encontrado: 2.9418479632626195 Esperado: 3.0 Erro: 0.019767179495193105
2.0 2.0 3.0 4.0 0.0  Encontrado: 2.914867851710669 Esperado: 3.0 Erro: 0.02920617764519537
2.0 2.0 3.0 4.0 1.0  Encontrado: 2.9418479632626195 Esperado: 3.0 Erro: 0.019767179495193105
2.0 2.0 3.0 4.0 1.0  Encontrado: 2.9418479632626195 Esperado: 3.0 Erro: 0.019767179495193105
2.0 2.0 3.0 4.0 1.0  Encontrado: 2.9418479632626195 Esperado: 3.0 Erro: 0.019767179495193105
2.0 2.0 3.0 4.0 1.0  Encontrado: 2.9418479632626195 Esperado: 3.0 Erro: 0.019767179495193105
2.0 2.0 3.0 4.0 0.0  Encontrado: 2.914867851710669 Esperado: 3.0 Erro: 0.02920617764519537
2.0 2.0 3.0 4.0 0.0  Encontrado: 2.914867851710669 Esperado: 3.0 Erro: 0.02920617764519537
0.3724813552063868
